Date,Open,High,Low,Close,Adj Close,Volume
2018-04-02,23.920000,23.950001,23.150000,23.280001,20.977674,8243200
2018-04-03,23.389999,23.790001,23.260000,23.590000,21.257019,7060400
2018-04-04,23.219999,24.230000,23.150000,24.080000,21.698561,8734500
2018-04-05,24.170000,24.260000,23.760000,23.809999,21.455261,7115400
2018-04-06,23.670000,24.129999,23.660000,23.770000,21.419220,8798000
2018-04-09,23.830000,23.900000,23.540001,23.540001,21.211964,8042400
2018-04-10,23.600000,23.719999,23.370001,23.459999,21.139875,8627000
2018-04-11,23.350000,23.740000,23.240000,23.480000,21.157898,8517400
2018-04-12,23.559999,23.830000,23.469999,23.600000,21.266029,7759900
2018-04-13,23.750000,23.860001,23.480000,23.730000,21.383175,5331600
2018-04-16,23.930000,24.420000,23.830000,24.170000,21.779657,5973200
2018-04-17,24.290001,24.469999,24.180000,24.230000,21.833727,5441800
2018-04-18,24.590000,25.070000,24.520000,24.580000,22.149113,8430500
2018-04-19,24.350000,24.540001,24.120001,24.180000,21.788671,7829000
2018-04-20,24.590000,25.420000,23.990000,24.120001,21.734602,16221100
2018-04-23,24.260000,24.870001,24.030001,24.790001,22.338341,11579400
2018-04-24,24.820000,25.610001,24.820000,25.379999,22.869989,13809900
2018-04-25,25.250000,25.719999,25.180000,25.629999,23.095268,8536700
2018-04-26,25.639999,25.840000,25.440001,25.629999,23.095268,9699400
2018-04-27,25.510000,25.760000,25.459999,25.520000,22.996149,7951600
2018-04-30,25.680000,26.040001,25.129999,25.190001,22.698784,12105200
2018-05-01,25.059999,25.320000,24.299999,24.760000,22.311308,10728100
2018-05-02,24.309999,24.799999,23.610001,24.549999,22.122074,10819300
2018-05-03,24.450001,24.450001,23.719999,23.870001,21.509331,12001200
2018-05-04,23.799999,24.389999,23.760000,24.139999,21.752625,6291800
2018-05-07,24.170000,24.490000,23.889999,23.980000,21.608448,9364500
2018-05-08,24.059999,24.260000,23.879999,24.090000,21.707567,6902200
2018-05-09,24.049999,24.490000,23.959999,24.360001,21.950865,5766300
2018-05-10,24.500000,24.799999,24.350000,24.360001,21.950865,4833800
2018-05-11,24.299999,24.760000,24.290001,24.570000,22.140095,4480000
2018-05-14,24.750000,24.760000,24.469999,24.730000,22.398226,6638000
2018-05-15,24.690001,24.809999,24.620001,24.750000,22.416340,7364700
2018-05-16,24.830000,25.059999,24.700001,24.940001,22.588427,8662300
2018-05-17,25.690001,26.370001,25.180000,25.299999,22.914482,16018900
2018-05-18,25.290001,25.389999,24.670000,24.889999,22.543139,18087600
2018-05-21,25.070000,25.080000,24.650000,24.770000,22.434454,14442800
2018-05-22,24.820000,25.040001,24.690001,24.700001,22.371058,15212000
2018-05-23,24.600000,24.709999,24.350000,24.570000,22.253311,11654200
2018-05-24,24.580000,24.670000,24.250000,24.559999,22.244255,11077000
2018-05-25,24.469999,24.879999,24.340000,24.610001,22.289541,23188100
2018-05-29,24.520000,24.610001,24.350000,24.500000,22.189917,9553600
2018-05-30,24.559999,25.059999,24.370001,24.980000,22.624657,17992900
2018-05-31,24.980000,25.120001,24.320000,24.330000,22.035942,17198800
2018-06-01,24.330000,24.540001,24.240000,24.420000,22.117456,8364200
2018-06-04,24.500000,24.840000,24.450001,24.750000,22.416340,12918900
2018-06-05,24.820000,25.129999,24.780001,24.910000,22.561255,11807400
2018-06-06,24.920000,24.950001,24.620001,24.680000,22.352938,10380600
2018-06-07,24.670000,25.170000,24.670000,24.980000,22.624657,11063300
2018-06-08,24.920000,25.500000,24.850000,25.360001,22.968822,9620900
2018-06-11,25.480000,25.990000,25.450001,25.540001,23.131851,16035900
2018-06-12,25.629999,25.879999,25.500000,25.690001,23.267708,14001200
2018-06-13,25.780001,26.309999,25.610001,26.010000,23.557539,14093800
2018-06-14,26.280001,26.480000,26.160000,26.160000,23.693390,9915000
2018-06-15,25.889999,26.139999,25.780001,25.879999,23.439793,15321800
2018-06-18,25.690001,26.280001,25.650000,26.010000,23.557539,8484100
2018-06-19,25.790001,26.129999,25.490000,25.990000,23.539421,10292400
2018-06-20,26.219999,26.389999,25.840000,26.180000,23.711510,12841800
2018-06-21,28.290001,29.500000,27.750000,28.730000,26.021067,39946600
2018-06-22,28.830000,30.000000,28.809999,29.690001,26.890549,34326000
2018-06-25,28.980000,29.730000,28.980000,29.330000,26.564495,15978600
2018-06-26,29.360001,29.370001,28.750000,29.000000,26.265610,13523400
2018-06-27,29.000000,29.490000,28.860001,29.010000,26.274668,9889200
2018-06-28,28.860001,29.000000,28.250000,28.430000,25.749353,14987100
2018-06-29,28.850000,28.889999,28.440001,28.450001,25.767473,7351300
2018-07-02,28.400000,28.520000,27.860001,28.219999,25.559153,9545800
2018-07-03,28.309999,28.940001,28.309999,28.700001,25.993898,4641300
2018-07-05,28.809999,29.020000,28.440001,28.600000,25.903330,8165500
2018-07-06,28.580000,29.230000,28.580000,29.120001,26.374300,6987800
2018-07-09,29.070000,29.180000,28.660000,28.750000,26.039185,5523500
2018-07-10,28.900000,29.040001,28.450001,28.770000,26.057299,5882100
2018-07-11,28.549999,28.629999,27.639999,27.969999,25.332727,10538300
2018-07-12,28.049999,28.190001,27.760000,27.950001,25.314613,7269300
2018-07-13,27.860001,28.450001,27.830000,28.049999,25.405186,6277300
2018-07-16,27.870001,28.010000,27.700001,27.990000,25.350845,7527700
2018-07-17,28.000000,28.629999,28.000000,28.420000,25.740299,8201900
2018-07-18,28.459999,28.680000,28.010000,28.139999,25.486698,8034600
2018-07-19,28.139999,28.480000,28.070000,28.120001,25.468584,7362500
2018-07-20,28.110001,28.230000,27.940001,28.139999,25.486698,6672200
2018-07-23,28.250000,28.910000,28.180000,28.290001,25.622559,8076000
2018-07-24,28.450001,28.620001,27.920000,27.959999,25.323669,8851700
2018-07-25,28.040001,28.320000,27.760000,28.280001,25.613499,10265500
2018-07-26,28.629999,28.940001,28.549999,28.639999,25.939556,7503600
2018-07-27,28.830000,28.980000,28.559999,28.700001,25.993898,5939100
2018-07-30,28.709999,29.840000,28.709999,29.719999,26.917727,12226600
2018-07-31,29.700001,29.719999,28.889999,29.000000,26.265610,9100600
2018-08-01,29.360001,29.360001,28.580000,28.690001,25.984840,7644400
2018-08-02,28.620001,29.790001,28.620001,29.740000,26.935835,9660500
2018-08-03,29.750000,30.180000,29.700001,29.930000,27.107922,7332900
2018-08-06,29.940001,30.200001,29.860001,29.910000,27.089808,5940400
2018-08-07,30.129999,30.379999,29.900000,30.000000,27.171320,7375200
2018-08-08,29.969999,30.660000,29.900000,30.610001,27.723803,6901500
2018-08-09,30.600000,30.600000,29.790001,29.820000,27.008293,6707500
2018-08-10,29.700001,30.299999,29.610001,30.139999,27.298117,6361200
2018-08-13,30.219999,30.350000,29.770000,29.889999,27.071695,5072700
2018-08-14,29.959999,30.870001,29.900000,30.450001,27.708675,10790900
2018-08-15,30.270000,30.400000,29.790001,30.059999,27.353785,7588200
2018-08-16,30.260000,30.620001,29.910000,30.530001,27.781473,10463800
2018-08-17,30.420000,31.709999,30.209999,31.350000,28.527649,10983600
2018-08-20,31.490000,31.600000,31.299999,31.400000,28.573153,5941100
2018-08-21,31.500000,31.570000,31.030001,31.360001,28.536751,5111600
2018-08-22,31.450001,31.990000,31.350000,31.740000,28.882542,13288800
2018-08-23,31.600000,32.400002,31.510000,32.310001,29.401224,11686900
2018-08-24,32.279999,32.299999,31.190001,31.200001,28.391159,8486100
2018-08-27,31.299999,31.389999,30.910000,31.190001,28.382059,6684100
2018-08-28,31.219999,31.340000,30.820000,31.110001,28.309258,5749600
2018-08-29,31.150000,31.360001,30.660000,30.680000,27.917973,6886600
2018-08-30,30.760000,31.690001,30.730000,31.040001,28.245560,6507900
2018-08-31,31.010000,31.510000,30.930000,31.500000,28.664148,7356500
2018-09-04,31.540001,31.940001,31.530001,31.900000,29.028137,8774500
2018-09-05,31.790001,32.090000,31.600000,31.959999,29.082733,6881000
2018-09-06,32.070000,32.740002,32.049999,32.560001,29.628721,8404900
2018-09-07,32.549999,32.730000,32.340000,32.369999,29.455828,6488100
2018-09-10,32.119999,32.150002,31.629999,31.750000,28.891644,10614100
2018-09-11,31.830000,32.080002,31.370001,31.389999,28.564047,14372000
2018-09-12,31.500000,31.830000,31.090000,31.730000,28.873440,11846000
2018-09-13,28.610001,29.180000,28.299999,28.580000,26.007029,32474400
2018-09-14,28.600000,28.610001,27.760000,27.799999,25.297247,18729600
2018-09-17,27.750000,28.980000,27.540001,28.840000,26.243618,16749800
2018-09-18,28.950001,29.430000,28.820000,29.290001,26.653105,10436600
2018-09-19,29.360001,29.629999,28.370001,28.879999,26.280016,10168400
2018-09-20,28.980000,29.219999,28.549999,29.180000,26.553011,9027600
2018-09-21,29.430000,30.000000,29.299999,29.950001,27.253689,16765400
2018-09-24,29.790001,30.340000,29.450001,29.610001,26.944298,10477500
2018-09-25,29.500000,29.870001,29.110001,29.260000,26.625805,9837600
2018-09-26,29.360001,29.650000,29.350000,29.389999,26.744102,6790200
2018-09-27,28.930000,29.320000,28.580000,29.000000,26.389214,9543600
2018-09-28,29.000000,29.270000,28.959999,29.110001,26.489313,7887900
2018-10-01,29.150000,29.260000,28.740000,28.750000,26.161720,7692700
2018-10-02,28.900000,29.139999,28.639999,29.080000,26.462009,8648400
2018-10-03,29.170000,29.620001,29.090000,29.379999,26.735001,9948400
2018-10-04,29.309999,29.389999,28.660000,28.780001,26.189024,8392500
2018-10-05,28.600000,29.440001,28.430000,29.070000,26.452911,7899400
2018-10-08,29.120001,29.430000,29.100000,29.350000,26.707706,4158500
2018-10-09,28.650000,28.700001,27.440001,27.920000,25.406443,14954900
2018-10-10,27.920000,28.420000,27.670000,27.730000,25.233547,10049500
2018-10-11,27.690001,27.760000,26.730000,26.740000,24.332670,10385800
2018-10-12,27.070000,27.209999,26.629999,26.920000,24.496468,10772800
2018-10-15,26.750000,27.660000,26.750000,27.500000,25.024256,6745500
2018-10-16,27.440001,27.520000,26.969999,27.200001,24.751263,6548400
2018-10-17,27.190001,27.580000,26.920000,27.290001,24.833160,7415000
2018-10-18,27.309999,27.820000,27.219999,27.360001,24.896860,6446000
2018-10-19,27.580000,27.620001,27.260000,27.559999,25.078850,6060700
2018-10-22,27.559999,28.200001,27.530001,27.980000,25.461044,7857100
2018-10-23,27.709999,28.490000,27.510000,28.430000,25.870527,8234500
2018-10-24,28.340000,28.709999,27.860001,27.950001,25.433741,7699100
2018-10-25,28.010000,28.290001,27.740000,28.000000,25.479246,5803200
2018-10-26,27.770000,27.990000,27.180000,27.580000,25.097054,8689800
2018-10-29,27.639999,28.809999,26.940001,28.230000,25.688534,11927000
2018-10-30,28.360001,30.200001,28.219999,30.090000,27.381084,18527200
2018-10-31,30.049999,30.389999,28.790001,29.760000,27.080795,13348700
2018-11-01,30.040001,30.049999,29.049999,29.330000,26.689505,9236300
2018-11-02,29.250000,30.520000,29.250000,30.170000,27.453882,11641800
2018-11-05,30.010000,30.690001,29.950001,30.610001,27.854269,7014600
2018-11-06,30.559999,30.889999,30.430000,30.830000,28.054464,6082900
2018-11-07,31.000000,31.750000,30.940001,31.320000,28.500351,7791500
2018-11-08,31.309999,31.639999,31.110001,31.350000,28.527649,5644000
2018-11-09,31.290001,31.740000,30.980000,31.389999,28.564047,6935400
2018-11-12,31.209999,31.980000,31.110001,31.370001,28.545849,5927800
2018-11-13,31.280001,31.639999,31.150000,31.379999,28.554951,6806100
2018-11-14,31.000000,31.309999,30.020000,30.290001,27.686602,8510700
2018-11-15,30.129999,30.320000,29.750000,30.030001,27.448950,5861600
2018-11-16,29.870001,30.250000,29.610001,30.240000,27.640903,4530900
2018-11-19,30.240000,30.750000,30.219999,30.559999,27.933393,5879200
2018-11-20,30.129999,30.340000,29.459999,29.590000,27.046764,6564800
2018-11-21,29.730000,29.980000,29.459999,29.530001,26.991924,4690300
2018-11-23,29.320000,29.879999,29.129999,29.690001,27.138170,1787000
2018-11-26,29.969999,30.240000,29.469999,29.570000,27.028486,5399200
2018-11-27,29.559999,30.080000,29.559999,30.040001,27.458090,7007100
2018-11-28,30.200001,30.450001,30.020000,30.250000,27.650040,5203100
2018-11-29,30.139999,30.629999,30.139999,30.360001,27.750586,4565900
2018-11-30,30.260000,30.580000,29.530001,29.660000,27.110752,10031300
2018-12-03,29.480000,29.850000,29.040001,29.760000,27.202156,9392600
2018-12-04,29.639999,29.969999,28.549999,28.639999,26.178419,13875800
2018-12-06,28.600000,29.660000,27.770000,29.559999,27.019346,16511700
2018-12-07,29.520000,29.799999,28.990000,29.170000,26.662865,10834500
2018-12-10,29.250000,29.270000,28.150000,28.790001,26.315531,7298300
2018-12-11,29.120001,29.379999,28.879999,29.240000,26.726849,5495600
2018-12-12,29.530001,30.000000,29.459999,29.750000,27.193014,8012100
2018-12-13,29.750000,29.940001,29.420000,29.760000,27.202156,6421100
2018-12-14,29.590000,30.400000,29.430000,29.549999,27.010202,7924300
2018-12-17,29.549999,29.629999,28.750000,28.920000,26.434355,6228900
2018-12-18,28.980000,29.350000,28.280001,28.549999,26.096151,7530800
2018-12-19,28.700001,28.870001,28.070000,28.230000,25.803656,5751100
2018-12-20,28.070000,28.209999,27.250000,27.680000,25.300932,11553400
2018-12-21,27.570000,28.570000,27.370001,27.400000,25.044992,10979800
2018-12-24,27.389999,27.480000,26.590000,26.600000,24.313755,3603900
2018-12-26,26.719999,27.730000,26.580000,27.730000,25.346632,5446700
2018-12-27,27.510000,27.510000,26.430000,27.379999,25.026716,7415700
2018-12-28,27.459999,27.910000,27.379999,27.580000,25.209524,4054200
2018-12-31,27.709999,27.780001,27.100000,27.500000,25.136400,5122800
2019-01-02,27.389999,27.530001,27.080000,27.299999,24.953590,5512200
2019-01-03,27.129999,27.850000,27.129999,27.350000,24.999290,8780700
2019-01-04,27.540001,28.209999,27.530001,27.660000,25.282650,10299000
2019-01-07,27.650000,28.190001,27.250000,27.920000,25.520300,8238600
2019-01-08,28.150000,28.490000,27.930000,28.459999,26.013889,6063000
2019-01-09,28.500000,28.570000,27.940001,28.049999,25.639128,5669500
2019-01-10,28.190001,28.490000,27.889999,28.480000,26.032166,6859900
2019-01-11,28.340000,28.740000,28.219999,28.430000,25.986465,4447600
2019-01-14,28.370001,28.700001,28.240000,28.299999,25.867640,8317900
2019-01-15,28.400000,28.670000,28.160000,28.620001,26.160139,4592400
2019-01-16,28.490000,28.740000,28.160000,28.700001,26.233261,5165400
2019-01-17,28.620001,29.049999,28.620001,28.930000,26.443493,4386600
2019-01-18,29.000000,29.549999,29.000000,29.430000,26.900520,5500100
2019-01-22,29.410000,29.549999,29.180000,29.320000,26.799973,4577200
2019-01-23,29.389999,29.610001,28.969999,29.240000,26.726849,5379600
2019-01-24,29.139999,29.450001,28.530001,28.709999,26.242401,9579200
2019-01-25,28.840000,28.900000,28.059999,28.120001,25.703112,7997900
2019-01-28,28.000000,28.260000,27.730000,28.219999,25.794514,5721900
2019-01-29,28.120001,28.139999,27.889999,28.080000,25.666552,4151500
2019-01-30,28.090000,28.309999,27.850000,28.260000,25.831081,4684600
2019-01-31,28.230000,28.330000,27.930000,28.330000,25.895063,6217900
2019-02-01,28.400000,28.410000,27.889999,28.070000,25.657410,5164500
2019-02-04,28.070000,28.120001,27.850000,28.120001,25.703112,4005300
2019-02-05,28.049999,28.430000,27.959999,28.299999,25.867640,6587400
2019-02-06,28.330000,28.459999,28.020000,28.290001,25.858503,4837500
2019-02-07,28.209999,28.240000,28.030001,28.180000,25.757954,4115700
2019-02-08,28.129999,28.240000,27.620001,27.830000,25.438038,4411800
2019-02-11,27.780001,27.809999,27.520000,27.549999,25.182104,5061700
2019-02-12,27.870001,28.799999,27.809999,28.580000,26.123579,8450900
2019-02-13,28.860001,29.070000,28.760000,28.959999,26.470913,6533400
2019-02-14,28.730000,29.450001,28.690001,28.959999,26.599499,7282500
2019-02-15,29.200001,29.510000,29.120001,29.500000,27.095490,5059000
2019-02-19,29.590000,29.719999,29.500000,29.549999,27.141415,3679200
2019-02-20,29.430000,29.440001,28.420000,28.750000,26.406620,8916200
2019-02-21,28.750000,29.010000,28.480000,28.580000,26.250473,4976900
2019-02-22,28.469999,28.680000,28.290001,28.520000,26.195366,5496100
2019-02-25,28.660000,29.030001,28.570000,28.850000,26.498468,5437000
2019-02-26,28.930000,29.030001,28.650000,28.920000,26.562761,5244500
2019-02-27,28.950001,29.809999,28.870001,29.799999,27.371033,10557800
2019-02-28,29.730000,29.969999,29.030001,29.330000,26.939344,10246200
2019-03-01,29.450001,29.900000,27.440001,28.020000,25.736120,19034900
2019-03-04,28.100000,28.750000,28.070000,28.639999,26.305586,7943200
2019-03-05,28.650000,29.010000,28.540001,28.920000,26.562761,8544100
2019-03-06,28.900000,29.080000,28.340000,28.440001,26.121891,11784500
2019-03-07,24.950001,26.120001,24.450001,25.610001,23.522558,45424700
2019-03-08,25.610001,25.680000,24.340000,24.469999,22.475477,19717800
2019-03-11,24.549999,24.690001,24.240000,24.670000,22.659180,15712100
2019-03-12,24.770000,24.809999,23.980000,24.480000,22.484661,15447200
2019-03-13,24.559999,24.969999,24.510000,24.730000,22.714287,8167700
2019-03-14,24.799999,24.980000,24.650000,24.750000,22.732653,8713900
2019-03-15,24.690001,24.809999,24.190001,24.360001,22.374441,12911200
2019-03-18,24.280001,24.610001,24.209999,24.549999,22.548956,7227900
2019-03-19,24.580000,24.650000,24.260000,24.330000,22.346889,10318300
2019-03-20,24.260000,24.280001,23.910000,23.990000,22.034599,7094700
2019-03-21,23.850000,24.360001,23.520000,24.320000,22.337704,5857200
2019-03-22,24.370001,24.660000,24.150000,24.340000,22.356077,6415100
2019-03-25,24.299999,24.379999,24.040001,24.150000,22.181564,5714300
2019-03-26,24.230000,24.490000,24.190001,24.469999,22.475477,4715700
2019-03-27,24.400000,24.450001,24.090000,24.270000,22.291780,7728900
2019-03-28,24.320000,24.570000,24.230000,24.440001,22.447922,6573900
2019-03-29,24.540001,24.700001,24.340000,24.600000,22.594881,7094000
2019-04-01,24.730000,24.879999,24.280001,24.480000,22.484661,10620100
2019-04-02,24.299999,24.370001,23.709999,23.760000,21.823351,10286000
2019-04-03,23.830000,23.950001,23.620001,23.799999,21.860081,10688700
2019-04-04,23.620001,23.820000,23.520000,23.680000,21.749870,8213500
2019-04-05,23.719999,24.160000,23.620001,23.900000,21.951937,5362100
2019-04-08,23.889999,24.129999,23.740000,23.860001,21.915197,4726000
2019-04-09,23.790001,24.030001,23.719999,23.940001,21.988678,5953300
2019-04-10,24.020000,25.010000,23.980000,24.980000,22.943907,14217300
2019-04-11,25.080000,25.870001,25.049999,25.740000,23.641960,18409900
2019-04-12,25.770000,25.969999,25.520000,25.670000,23.577667,10419600
2019-04-15,25.620001,25.680000,25.389999,25.469999,23.393970,4613900
2019-04-16,25.570000,25.670000,25.440001,25.570000,23.485819,4428700
2019-04-17,25.750000,25.950001,25.420000,25.540001,23.458265,6078300
2019-04-18,25.500000,25.870001,25.500000,25.780001,23.678701,4811200
2019-04-22,25.680000,25.750000,25.209999,25.500000,23.421522,5032800
2019-04-23,25.480000,25.510000,25.070000,25.219999,23.164347,5748500
2019-04-24,25.370001,25.670000,25.219999,25.570000,23.485819,5303800
2019-04-25,25.570000,25.879999,25.530001,25.770000,23.669512,5304800
2019-04-26,25.100000,25.299999,24.750000,25.000000,22.962278,10233300
2019-04-29,25.120001,25.650000,25.100000,25.570000,23.485819,6295700
2019-04-30,25.660000,25.889999,25.459999,25.780001,23.678701,5241000
2019-05-01,25.780001,26.080000,25.580000,25.580000,23.495005,4792600
2019-05-02,25.639999,26.100000,25.320000,25.780001,23.678701,5743200
2019-05-03,25.790001,25.870001,25.540001,25.740000,23.641960,4367800
2019-05-06,25.559999,25.730000,25.420000,25.709999,23.614405,8698400
2019-05-07,25.639999,25.770000,25.450001,25.770000,23.669512,6127400
2019-05-08,25.690001,25.709999,25.170000,25.280001,23.219458,6762200
2019-05-09,25.170000,25.360001,24.980000,25.360001,23.292934,6131800
2019-05-10,25.330000,25.870001,25.160000,25.830000,23.724625,7383200
2019-05-13,25.590000,25.600000,25.100000,25.389999,23.320490,5238700
2019-05-14,25.309999,25.459999,25.150000,25.250000,23.320490,5695100
2019-05-15,25.190001,25.299999,25.040001,25.209999,23.283548,4235000
2019-05-16,25.440001,25.680000,24.530001,24.660000,22.775576,9996700
2019-05-17,24.580000,24.980000,23.959999,24.219999,22.369196,16177000
2019-05-20,24.309999,24.370001,23.879999,24.070000,22.230661,9357200
2019-05-21,24.440001,24.629999,24.080000,24.299999,22.443083,15445600
2019-05-22,24.299999,24.379999,23.910000,24.000000,22.166006,6977900
2019-05-23,23.780001,23.840000,23.430000,23.530001,21.731928,6702700
2019-05-24,23.590000,23.790001,23.450001,23.719999,21.907406,5229200
2019-05-28,23.770000,23.889999,23.600000,23.620001,21.815052,6715700
2019-05-29,23.370001,23.450001,22.930000,23.030001,21.270132,9705600
2019-05-30,23.040001,23.180000,22.750000,22.780001,21.039238,7429800
2019-05-31,22.700001,22.860001,22.440001,22.809999,21.066944,8250500
2019-06-03,22.730000,23.080000,22.600000,22.959999,21.205481,7476800
2019-06-04,23.160000,23.870001,23.120001,23.629999,21.824282,9040200
2019-06-05,23.820000,23.900000,23.360001,23.370001,21.584152,4227000
2019-06-06,23.400000,23.820000,23.170000,23.700001,21.888937,6564300
2019-06-07,23.730000,24.049999,23.570000,23.930000,22.101360,6812300
2019-06-10,24.030001,24.469999,23.980000,24.389999,22.526207,9762700
2019-06-11,24.410000,24.820000,24.270000,24.660000,22.775576,11197500
2019-06-12,24.610001,24.990000,24.530001,24.629999,22.747864,6805000
2019-06-13,24.660000,24.809999,24.490000,24.620001,22.738630,8832900
2019-06-14,24.660000,24.940001,24.180000,24.260000,22.406143,7835600
2019-06-17,24.309999,24.860001,24.299999,24.360001,22.498497,14319100
2019-06-18,24.280001,24.709999,23.920000,23.940001,22.110596,13111600
2019-06-19,23.750000,23.870001,23.430000,23.639999,21.833517,11300900
2019-06-20,22.480000,23.709999,22.430000,23.129999,21.362488,28762900
2019-06-21,23.219999,23.250000,22.200001,22.240000,20.540503,26306700
2019-06-24,22.170000,22.410000,22.049999,22.080000,20.392729,9738700
2019-06-25,22.100000,22.150000,21.469999,21.850000,20.180305,15139200
2019-06-26,21.790001,21.959999,21.299999,21.430000,19.792398,15903400
2019-06-27,21.420000,21.620001,21.299999,21.389999,19.755455,8460500
2019-06-28,21.450001,21.860001,21.389999,21.709999,20.051008,10571800
2019-07-01,21.840000,22.030001,21.420000,21.600000,19.949409,7948500
2019-07-02,21.559999,21.610001,21.170000,21.440001,19.801636,10437900
2019-07-03,21.420000,21.629999,21.360001,21.549999,19.903231,5279600
2019-07-05,21.580000,21.809999,21.530001,21.750000,20.087944,5802500
2019-07-08,21.760000,21.969999,21.629999,21.799999,20.134121,9034200
2019-07-09,21.750000,21.830000,21.590000,21.709999,20.051008,5200800
2019-07-10,21.750000,21.820000,21.330000,21.650000,19.995584,7953600
2019-07-11,21.740000,21.830000,21.580000,21.760000,20.097183,6102100
2019-07-12,21.820000,22.110001,21.709999,21.889999,20.217251,6051200
2019-07-15,21.830000,22.150000,21.830000,22.080000,20.392729,7398900
2019-07-16,22.090000,22.120001,21.920000,21.959999,20.281897,5659700
2019-07-17,21.980000,22.030001,21.590000,21.639999,19.986349,7303800
2019-07-18,21.639999,21.730000,21.520000,21.660000,20.004820,6487400
2019-07-19,21.709999,21.930000,21.670000,21.690001,20.032534,7071100
2019-07-22,21.730000,21.809999,20.850000,20.860001,19.265959,10966300
2019-07-23,20.930000,21.000000,20.700001,20.820000,19.229012,9577700
2019-07-24,20.790001,21.330000,20.780001,21.240000,19.616917,12400500
2019-07-25,21.260000,21.410000,21.100000,21.139999,19.524559,10592900
2019-07-26,21.180000,21.670000,21.120001,21.480000,19.838583,9593300
2019-07-29,21.389999,21.549999,21.260000,21.430000,19.792398,6599700
2019-07-30,21.400000,21.459999,21.240000,21.430000,19.792398,8743200
2019-07-31,21.340000,21.350000,20.910000,21.160000,19.543028,10717200
2019-08-01,21.150000,21.709999,21.100000,21.520000,19.875521,12353600
2019-08-02,21.920000,22.440001,21.750000,22.240000,20.540503,17253800
2019-08-05,21.990000,22.090000,21.719999,21.920000,20.244957,13792700
2019-08-06,22.020000,22.400000,21.700001,22.280001,20.577446,12238900
2019-08-07,22.059999,23.930000,21.910000,23.900000,22.073652,30946500
2019-08-08,23.799999,23.950001,23.070000,23.350000,21.565680,15310800
2019-08-09,23.139999,23.450001,23.110001,23.320000,21.537975,8259800
2019-08-12,23.340000,23.389999,22.990000,23.070000,21.307079,7820800
2019-08-13,23.000000,23.379999,22.900000,23.049999,21.288601,7462300
2019-08-14,22.719999,22.719999,22.110001,22.110001,20.563175,9269400
2019-08-15,22.350000,22.520000,21.820000,22.230000,20.674778,9670300
2019-08-16,22.230000,22.780001,22.170000,22.660000,21.074699,6025100
2019-08-19,22.840000,23.059999,22.660000,22.990000,21.381607,7218800
2019-08-20,23.020000,23.180000,22.850000,22.910000,21.307203,7963600
2019-08-21,23.080000,23.389999,23.030001,23.340000,21.707123,6136200
2019-08-22,23.400000,23.730000,23.240000,23.670000,22.014038,6468600
2019-08-23,23.590000,23.690001,23.219999,23.290001,21.660622,7348700
2019-08-26,23.420000,23.930000,23.410000,23.920000,22.246548,5626600
2019-08-27,24.000000,24.090000,23.100000,23.120001,21.502518,10237200
2019-08-28,23.129999,23.620001,23.020000,23.510000,21.865227,7035800
2019-08-29,23.740000,23.980000,23.590000,23.670000,22.014038,5470700
2019-08-30,23.709999,23.950001,23.590000,23.680000,22.023333,6170500
2019-09-03,23.490000,24.129999,23.299999,24.010000,22.330250,8153000
2019-09-04,24.260000,24.809999,24.160000,24.660000,22.934774,11940400
2019-09-05,24.930000,25.110001,24.610001,24.830000,23.092882,11177300
2019-09-06,24.950001,25.120001,24.590000,24.700001,22.971975,11326500
2019-09-09,24.760000,25.219999,24.719999,25.190001,23.427698,10083700
2019-09-10,25.110001,25.830000,25.049999,25.820000,24.013620,11613100
2019-09-11,25.740000,25.790001,25.209999,25.570000,23.781111,14352500
2019-09-12,25.750000,26.770000,23.840000,25.590000,23.799709,30230500
2019-09-13,25.490000,26.270000,25.469999,26.230000,24.394938,12448900
2019-09-16,26.100000,26.330000,25.879999,25.980000,24.162430,6994800
2019-09-17,25.850000,26.000000,25.610001,25.650000,23.855511,8053000
2019-09-18,25.600000,25.660000,25.100000,25.219999,23.455597,7449300
2019-09-19,25.290001,26.040001,25.120001,25.820000,24.013620,10035200
2019-09-20,25.879999,25.980000,25.629999,25.680000,23.883415,8801900
2019-09-23,25.590000,25.940001,25.540001,25.719999,23.920612,5231800
2019-09-24,25.650000,26.090000,25.570000,25.809999,24.004322,5084900
2019-09-25,25.820000,26.129999,25.760000,25.770000,23.967121,8881300
2019-09-26,25.860001,26.010000,25.760000,25.780001,23.976423,5129300
2019-09-27,25.850000,25.910000,25.559999,25.740000,23.939219,4655500
2019-09-30,25.799999,25.930000,25.639999,25.780001,23.976423,6117000
2019-10-01,25.850000,25.969999,25.379999,25.590000,23.799709,7813800
2019-10-02,25.430000,25.450001,24.920000,25.049999,23.297491,7809900
2019-10-03,24.920000,25.150000,24.410000,24.590000,22.869673,11157100
2019-10-04,24.530001,24.799999,24.500000,24.790001,23.055683,7781900
2019-10-07,24.850000,25.049999,24.809999,24.840000,23.102180,7982700
2019-10-08,24.709999,24.809999,24.280001,24.459999,22.748764,7873700
2019-10-09,24.540001,24.730000,24.480000,24.530001,22.813869,4706900
2019-10-10,24.100000,24.370001,23.709999,23.840000,22.172144,14008100
2019-10-11,24.059999,24.420000,24.010000,24.250000,22.553461,8096400
2019-10-14,24.150000,24.230000,23.870001,24.100000,22.413954,4431400
2019-10-15,24.200001,24.350000,24.049999,24.309999,22.609261,7753600
2019-10-16,24.299999,24.719999,24.280001,24.510000,22.795269,5978000
2019-10-17,24.510000,24.629999,24.330000,24.430000,22.720861,4016000
2019-10-18,24.400000,24.549999,23.910000,23.940001,22.265148,7250200
2019-10-21,24.000000,24.340000,23.990000,24.110001,22.423256,4404200
2019-10-22,24.250000,24.920000,24.110001,24.850000,23.111486,7216800
2019-10-23,24.910000,25.180000,24.809999,24.980000,23.232388,7093900
2019-10-24,25.110001,25.110001,24.690001,24.930000,23.185888,5113100
2019-10-25,24.889999,25.379999,24.889999,25.280001,23.511398,6370600
2019-10-28,25.299999,25.400000,25.110001,25.330000,23.557903,6191100
2019-10-29,24.860001,24.910000,24.090000,24.629999,22.906874,11876200
2019-10-30,24.500000,24.830000,24.430000,24.740000,23.009180,5037200
2019-10-31,24.860001,25.030001,24.510000,24.639999,22.916172,7027200
2019-11-01,24.680000,25.139999,24.639999,24.990000,23.241686,6107600
2019-11-04,25.150000,25.469999,24.879999,24.990000,23.241686,9042100
2019-11-05,25.600000,28.080000,25.540001,27.830000,25.883001,26560000
2019-11-06,28.000000,28.010000,26.889999,27.000000,25.111069,14409200
2019-11-07,27.090000,27.290001,26.740000,26.860001,24.980860,9614900
2019-11-08,26.870001,27.129999,26.780001,27.020000,25.129667,6614100
2019-11-11,26.969999,27.049999,26.420000,26.610001,24.748352,7003000
2019-11-12,26.830000,27.059999,26.680000,27.000000,25.111069,7176500
2019-11-13,27.049999,27.100000,26.799999,27.059999,25.166870,6385400
2019-11-14,27.020000,27.209999,26.809999,26.910000,25.176228,4149900
2019-11-15,26.940001,27.000000,26.690001,26.750000,25.026535,5678000
2019-11-18,26.680000,27.070000,26.650000,27.010000,25.269785,8600000
2019-11-19,27.230000,27.240000,26.809999,26.870001,25.138805,5536000
2019-11-20,26.830000,26.840000,26.480000,26.590000,24.876842,4662000
2019-11-21,26.900000,26.940001,26.600000,26.700001,24.979759,4280600
2019-11-22,26.709999,27.129999,26.590000,27.049999,25.307205,5181700
2019-11-25,27.219999,27.219999,26.850000,27.000000,25.260426,4978500
2019-11-26,27.170000,27.180000,26.860001,27.040001,25.297852,6779000
2019-11-27,27.180000,27.410000,27.080000,27.230000,25.475609,3893100
2019-11-29,27.170000,27.549999,27.020000,27.340000,25.578520,3703000
2019-12-02,27.420000,27.740000,27.299999,27.740000,25.952749,9022200
2019-12-03,27.549999,27.650000,27.040001,27.389999,25.625299,8380100
2019-12-04,27.340000,27.750000,27.340000,27.639999,25.859192,10504200
2019-12-05,27.500000,27.809999,26.250000,26.799999,25.073315,14335700
2019-12-06,26.900000,27.570000,26.860001,27.490000,25.718857,9630700
2019-12-09,27.430000,27.889999,27.280001,27.840000,26.046307,6564000
2019-12-10,27.590000,28.000000,27.549999,27.870001,26.074371,7430500
2019-12-11,28.000000,28.080000,27.620001,28.020000,26.214712,5260400
2019-12-12,28.270000,28.580000,28.139999,28.200001,26.383112,6193200
2019-12-13,28.160000,28.170000,27.850000,28.090000,26.280199,6695000
2019-12-16,28.150000,28.370001,27.959999,28.309999,26.486027,6643800
2019-12-17,28.340000,28.780001,28.230000,28.700001,26.850897,10595600
2019-12-18,28.690001,28.830000,28.309999,28.330000,26.504736,8949500
2019-12-19,28.400000,28.980000,28.360001,28.760000,26.907032,8431100
2019-12-20,28.980000,29.110001,28.700001,29.000000,27.131571,9343600
2019-12-23,29.070000,29.209999,28.870001,28.889999,27.028656,4323600
2019-12-24,28.760000,29.120001,28.760000,29.100000,27.225126,1641100
2019-12-26,29.049999,29.209999,28.809999,28.889999,27.028656,3872300
2019-12-27,28.920000,29.010000,28.750000,28.760000,26.907032,3361800
2019-12-30,28.770000,29.160000,28.750000,29.059999,27.187700,4602700
2019-12-31,29.000000,29.110001,28.889999,28.990000,27.122213,3752500
2020-01-02,29.030001,29.160000,28.360001,28.660000,26.813475,6224900
2020-01-03,28.480000,28.820000,28.400000,28.700001,26.850897,5442000
2020-01-06,28.570000,28.870001,28.350000,28.799999,26.944454,6929600
2020-01-07,28.719999,28.799999,28.420000,28.590000,26.747988,5882200
2020-01-08,28.709999,28.730000,28.420000,28.420000,26.588938,7341600
2020-01-09,28.500000,28.660000,28.190001,28.440001,26.607653,5725300
2020-01-10,28.400000,28.570000,28.230000,28.360001,26.532806,4549300
2020-01-13,28.340000,28.709999,28.250000,28.420000,26.588938,3796000
2020-01-14,28.330000,28.910000,28.330000,28.840000,26.981878,6134700
2020-01-15,28.760000,28.860001,28.219999,28.290001,26.467314,5676400
2020-01-16,28.340000,28.620001,28.010000,28.080000,26.270845,5537500
2020-01-17,28.040001,28.350000,28.020000,28.150000,26.336332,5614300
2020-01-21,28.200001,28.559999,28.059999,28.410000,26.579584,7318200
2020-01-22,28.330000,28.629999,28.330000,28.370001,26.542160,4821800
2020-01-23,28.370001,28.620001,28.219999,28.440001,26.607653,3959600
2020-01-24,28.480000,28.510000,28.139999,28.190001,26.373758,4642200
2020-01-27,27.950001,28.510000,27.760000,28.330000,26.504736,4241700
2020-01-28,28.350000,28.469999,28.170000,28.330000,26.504736,3323300
2020-01-29,28.389999,28.400000,27.410000,27.450001,25.681437,4454300
2020-01-30,27.299999,27.559999,27.200001,27.549999,25.774990,3938600
2020-01-31,27.400000,27.450001,26.719999,26.860001,25.129446,6094400
2020-02-03,27.010000,27.280001,26.870001,26.980000,25.241713,5321700
2020-02-04,27.070000,27.610001,27.030001,27.389999,25.625299,5330300
2020-02-05,27.480000,28.100000,27.360001,28.080000,26.270845,5243800
2020-02-06,28.230000,28.309999,27.900000,28.049999,26.242775,5524100
2020-02-07,28.049999,28.260000,27.870001,27.959999,26.158575,5952000
2020-02-10,28.000000,28.340000,27.950001,28.139999,26.326977,4511200
2020-02-11,28.200001,28.469999,28.129999,28.440001,26.607653,4096200
2020-02-12,28.500000,28.840000,28.430000,28.690001,26.841541,4375600
2020-02-13,28.520000,28.780001,28.430000,28.629999,26.935625,3682000
2020-02-14,28.500000,28.709999,28.080000,28.230000,26.559298,4807900
2020-02-18,29.799999,30.730000,29.350000,29.709999,27.951706,15999100
2020-02-19,29.969999,30.200001,29.379999,29.540001,27.791771,7528100
2020-02-20,29.360001,29.799999,29.139999,29.780001,28.017565,6187500
2020-02-21,29.799999,30.520000,29.780001,30.309999,28.516199,9065300
2020-02-24,29.920000,30.639999,29.879999,30.270000,28.478567,7668600
2020-02-25,30.370001,30.420000,29.590000,29.670000,27.914078,7335200
2020-02-26,29.879999,29.879999,28.620001,28.750000,27.048521,7565800
2020-02-27,28.549999,29.299999,28.330000,28.360001,26.681606,8376600
2020-02-28,28.000000,28.180000,27.059999,28.129999,26.465216,13513900
2020-03-02,28.440001,29.690001,28.280001,29.680000,27.923485,11950800
2020-03-03,29.520000,30.420000,28.969999,29.340000,27.603603,10566900
2020-03-04,29.680000,30.969999,29.650000,30.959999,29.127728,9597800
2020-03-05,30.650000,33.700001,30.430000,33.470001,31.489183,25208100
2020-03-06,32.720001,32.990002,31.510000,32.040001,30.143818,14613600
2020-03-09,30.680000,31.700001,30.000000,31.250000,29.400568,13149900
2020-03-10,31.299999,32.750000,31.180000,32.599998,30.670675,16506300
2020-03-11,31.809999,32.259998,30.070000,30.590000,28.779627,12935100
2020-03-12,28.600000,30.379999,28.370001,29.120001,27.396627,15294000
2020-03-13,30.540001,30.980000,28.250000,30.709999,28.892527,16518300
2020-03-16,29.330000,33.209999,29.000000,31.100000,29.259447,24770300
2020-03-17,31.809999,34.939999,30.910000,33.000000,31.046997,25167900
2020-03-18,33.650002,36.840000,32.509998,33.910000,31.903143,25779400
2020-03-19,35.750000,36.500000,33.410000,34.180000,32.157166,16699300
2020-03-20,34.250000,34.250000,31.030001,31.770000,29.889795,21979200
2020-03-23,31.780001,32.720001,30.770000,31.080000,29.240625,13199900
2020-03-24,31.500000,31.680000,29.420000,30.150000,28.365664,13695000
2020-03-25,29.990000,30.190001,27.820000,27.940001,26.286459,20521000
2020-03-26,28.000000,29.180000,27.330000,29.000000,27.283728,18238900
2020-03-27,29.290001,29.900000,28.549999,29.129999,27.406031,14993000
2020-03-30,30.000000,30.360001,29.120001,29.650000,27.895258,12972800
2020-03-31,29.580000,30.260000,29.100000,30.120001,28.337442,17225200
2020-04-01,30.299999,31.780001,29.830000,30.500000,28.694952,17162600
2020-04-02,30.230000,31.990000,29.850000,31.600000,29.729855,18951500
2020-04-03,31.610001,32.840000,31.600000,32.290001,30.379021,14538900
2020-04-06,32.299999,32.759998,31.280001,32.630001,30.698896,15549200
2020-04-07,31.459999,32.500000,30.570000,31.860001,29.974470,16983100
2020-04-08,31.709999,31.950001,30.719999,31.020000,29.184183,18720700
2020-04-09,30.330000,31.299999,30.010000,31.059999,29.221813,17327700
2020-04-13,31.200001,32.230000,31.049999,31.330000,29.475836,13509400
2020-04-14,32.049999,32.369999,31.570000,32.090000,30.190857,13328100
2020-04-15,32.369999,32.490002,31.070000,32.029999,30.134401,16203200
2020-04-16,32.049999,32.639999,31.840000,31.950001,30.059141,14498700
2020-04-17,31.850000,32.130001,30.889999,31.930000,30.040325,15774600
2020-04-20,32.099998,32.619999,31.740000,31.930000,30.040325,11003100
2020-04-21,32.169998,32.599998,31.740000,32.169998,30.266123,14815400
2020-04-22,32.330002,32.610001,32.080002,32.310001,30.397835,9431900
2020-04-23,32.049999,33.099998,31.959999,32.880001,30.934105,11731700
2020-04-24,33.020000,33.110001,32.470001,32.959999,31.009367,9341400
2020-04-27,32.980000,33.529999,32.980000,33.279999,31.310427,10093800
2020-04-28,33.070000,33.419998,32.250000,32.360001,30.444874,13705600
2020-04-29,31.889999,32.189999,31.100000,31.520000,29.654591,14016500
2020-04-30,31.700001,32.049999,31.270000,31.610001,29.739264,12290200
2020-05-01,31.440001,32.130001,31.230000,31.959999,30.068546,7737000
2020-05-04,32.580002,32.750000,31.830000,32.529999,30.604815,9609800
2020-05-05,32.570000,32.970001,32.209999,32.810001,30.868240,7269600
2020-05-06,32.990002,33.279999,32.720001,32.779999,30.840019,7380100
2020-05-07,32.900002,33.189999,32.480000,32.680000,30.745941,6262700
2020-05-08,32.700001,33.520000,32.549999,33.340000,31.366882,7916000
2020-05-11,33.450001,34.029999,33.360001,33.730000,31.733795,8767100
2020-05-12,33.830002,34.230000,33.500000,33.549999,31.564442,6569600
2020-05-13,33.610001,34.500000,33.610001,34.099998,32.081894,8875900
2020-05-14,33.880001,34.230000,32.369999,32.779999,30.985405,11098400
2020-05-15,32.709999,32.950001,32.259998,32.509998,30.730190,15070900
2020-05-18,32.430000,32.529999,31.500000,32.259998,30.493874,12812000
2020-05-19,32.400002,32.500000,31.740000,31.760000,30.021248,7409600
2020-05-20,32.020000,32.380001,31.610001,32.299999,30.531681,7838100
2020-05-21,32.299999,32.500000,31.850000,32.119999,30.361540,7097000
2020-05-22,32.230000,32.580002,32.070000,32.369999,30.597851,6134500
2020-05-26,32.070000,32.380001,31.299999,31.370001,29.652599,9838000
2020-05-27,31.469999,33.290001,31.290001,33.279999,31.458033,14999700
2020-05-28,33.330002,33.799999,32.009998,32.060001,30.304823,13326500
2020-05-29,32.169998,32.709999,31.620001,32.619999,30.834164,16545000
2020-06-01,32.709999,33.220001,32.430000,32.490002,30.711283,6933400
2020-06-02,32.389999,33.000000,32.310001,33.000000,31.193356,6764100
2020-06-03,33.009998,33.340000,32.450001,32.680000,30.890882,6579500
2020-06-04,32.580002,33.130001,32.570000,33.110001,31.297338,8774800
2020-06-05,33.049999,33.189999,32.400002,32.480000,30.701828,11374100
2020-06-08,32.169998,33.009998,32.080002,33.009998,31.202808,9460400
2020-06-09,33.259998,33.349998,32.419998,32.919998,31.117733,7507500
2020-06-10,33.090000,33.349998,32.380001,32.570000,30.786901,7871600
2020-06-11,32.610001,33.759998,32.500000,32.700001,30.909788,12449200
2020-06-12,32.889999,33.110001,31.830000,32.259998,30.493874,9668800
2020-06-15,32.389999,32.660000,31.520000,32.080002,30.323730,11006800
2020-06-16,32.310001,32.669998,32.119999,32.529999,30.749090,9299200
2020-06-17,33.009998,33.189999,32.180000,32.810001,31.013762,16036600
2020-06-18,32.340000,32.500000,30.650000,31.809999,30.068510,45334700
2020-06-19,31.990000,32.299999,31.230000,32.240002,30.474970,28994600
2020-06-22,31.950001,32.660000,31.900000,32.070000,30.314276,14389700
2020-06-23,32.250000,32.349998,31.770000,32.099998,30.342630,12699900
2020-06-24,32.110001,33.029999,31.780001,32.820000,31.023211,15060000
2020-06-25,32.750000,33.430000,32.639999,32.779999,30.985405,14754300
2020-06-26,32.910000,33.220001,32.549999,32.680000,30.890882,14473300
2020-06-29,32.869999,34.220001,32.860001,34.130001,32.261501,12207700
2020-06-30,34.360001,34.430000,33.810001,33.849998,31.996830,14651000
2020-07-01,33.860001,34.139999,33.279999,33.570000,31.732155,9122100
2020-07-02,33.570000,33.980000,33.389999,33.500000,31.665987,8613000
2020-07-06,33.619999,33.820000,33.509998,33.730000,31.883394,7075400
2020-07-07,33.650002,34.110001,33.459999,33.680000,31.836136,11560600
2020-07-08,33.630001,33.750000,32.320000,32.419998,30.645113,9703300
2020-07-09,32.380001,33.080002,32.360001,32.759998,30.966499,7193800
2020-07-10,32.759998,33.830002,32.740002,33.439999,31.609272,10514100
2020-07-13,33.439999,33.599998,32.959999,33.279999,31.458033,8143600
2020-07-14,33.330002,34.250000,33.310001,34.240002,32.365479,9866600
2020-07-15,33.689999,34.009998,33.320000,33.770000,31.921204,8596900
2020-07-16,33.900002,34.310001,33.639999,33.730000,31.883394,7005400
2020-07-17,33.849998,34.180000,33.779999,33.849998,31.996830,6167900
2020-07-20,33.799999,34.160000,33.619999,34.150002,32.280407,8063200
2020-07-21,34.360001,35.580002,34.340000,34.790001,32.885361,11880200
2020-07-22,34.900002,35.160000,34.580002,35.160000,33.235104,6465200
2020-07-23,35.240002,35.389999,34.970001,35.130001,33.206753,5534600
2020-07-24,35.000000,35.369999,34.560001,34.709999,32.809746,5034400
2020-07-27,34.700001,34.939999,34.299999,34.759998,32.857002,5249500
2020-07-28,34.880001,35.419998,34.820000,35.230000,33.301281,5719100
2020-07-29,35.130001,35.169998,34.720001,35.110001,33.187843,5557300
2020-07-30,34.860001,34.930000,34.340000,34.410000,32.526165,5757400
2020-07-31,34.480000,34.799999,34.380001,34.790001,32.885361,7294500
2020-08-03,34.900002,35.169998,34.470001,35.099998,33.178394,5694800
2020-08-04,35.240002,35.470001,34.939999,35.389999,33.452515,5352700
2020-08-05,35.160000,35.349998,34.900002,35.090000,33.168941,7168300
2020-08-06,35.200001,35.450001,34.980000,35.029999,33.112225,4582400
2020-08-07,35.000000,35.279999,34.970001,35.240002,33.310730,4449900
2020-08-10,35.279999,35.360001,34.959999,35.029999,33.112225,4850500
2020-08-11,34.939999,34.970001,34.150002,34.259998,32.384380,7306400
2020-08-12,34.380001,34.790001,34.220001,34.610001,32.715221,5189900
2020-08-13,34.520000,34.740002,34.220001,34.590000,32.867252,6207000
2020-08-14,34.610001,36.029999,34.540001,35.389999,33.627411,10493600
2020-08-17,35.700001,36.189999,35.320000,36.000000,34.207024,6611100
2020-08-18,35.950001,36.689999,35.700001,36.240002,34.435078,7774200
2020-08-19,36.330002,36.889999,36.119999,36.220001,34.416069,5053000
2020-08-20,36.180000,36.400002,35.779999,35.919998,34.131012,4265100
2020-08-21,35.919998,36.240002,35.720001,35.910000,34.121510,4945700
2020-08-24,36.009998,36.090000,35.669998,36.060001,34.264038,4576700
2020-08-25,36.090000,36.160000,35.740002,36.080002,34.283039,3941700
2020-08-26,35.980000,36.430000,35.650002,36.369999,34.558598,4732600
2020-08-27,36.419998,36.709999,36.150002,36.160000,34.359051,6213500
2020-08-28,36.209999,36.209999,35.000000,35.299999,33.541893,7028200
2020-08-31,35.340000,35.689999,35.099998,35.680000,33.902958,8123200
2020-09-01,35.500000,35.680000,34.919998,35.400002,33.636906,8454100
2020-09-02,35.450001,36.619999,35.450001,36.599998,34.777142,10797800
2020-09-03,36.310001,37.220001,35.790001,36.110001,34.311554,9319000
2020-09-04,36.029999,36.200001,34.939999,35.470001,33.703426,7584400
2020-09-08,35.639999,35.740002,34.599998,34.619999,32.895752,9244500
2020-09-09,34.849998,35.490002,34.720001,35.180000,33.427864,10371700
2020-09-10,35.200001,35.380001,34.689999,34.740002,33.009785,11600300
2020-09-11,35.000000,35.119999,33.799999,34.369999,32.658203,21628400
2020-09-14,33.680000,33.840000,32.759998,32.840000,31.204407,16737600
2020-09-15,32.810001,33.220001,32.439999,32.720001,31.090384,12842500
2020-09-16,32.740002,32.980000,31.900000,32.020000,30.425249,21914100
2020-09-17,32.070000,32.939999,32.000000,32.509998,30.890844,10615800
2020-09-18,32.470001,33.400002,32.410000,33.209999,31.555984,18410000
2020-09-21,32.919998,33.500000,32.840000,33.459999,31.793526,8611300
2020-09-22,33.400002,33.959999,33.310001,33.740002,32.059582,6711300
2020-09-23,33.840000,34.080002,33.180000,33.279999,31.622492,6180100
2020-09-24,33.220001,33.669998,32.849998,33.430000,31.765030,5840900
2020-09-25,33.540001,33.779999,33.119999,33.529999,31.860043,5060900
2020-09-28,33.500000,33.730000,33.330002,33.700001,32.021580,5062400
2020-09-29,33.430000,33.980000,33.290001,33.770000,32.088089,6598200
2020-09-30,33.700001,34.529999,33.450001,33.910000,32.221119,12820400
2020-10-01,33.950001,34.230000,33.520000,34.020000,32.325645,8658300
2020-10-02,33.750000,34.340000,33.700001,34.070000,32.373146,5702700
2020-10-05,34.099998,34.570000,34.099998,34.529999,32.810230,5274700
2020-10-06,34.610001,34.970001,33.840000,33.950001,32.259132,7658300
2020-10-07,34.060001,34.430000,34.000000,34.029999,32.335140,6114500
2020-10-08,34.220001,34.689999,34.150002,34.290001,32.582195,4451700
2020-10-09,34.500000,34.759998,34.369999,34.450001,32.734222,6388500
2020-10-12,34.570000,34.950001,34.490002,34.630001,32.905262,5526700
2020-10-13,34.500000,34.889999,34.480000,34.799999,33.066795,4785000
2020-10-14,34.419998,34.639999,33.160000,33.840000,32.154610,12084500
2020-10-15,33.660000,34.070000,33.639999,33.980000,32.287632,5598200
2020-10-16,34.090000,34.330002,33.950001,34.070000,32.373146,4953500
2020-10-19,34.070000,34.349998,33.720001,33.880001,32.192616,6491300
2020-10-20,34.040001,34.040001,33.290001,33.330002,31.670008,6887300
2020-10-21,33.310001,33.599998,33.250000,33.330002,31.670008,4694200
2020-10-22,33.049999,33.189999,32.070000,32.639999,31.014368,9890200
2020-10-23,32.400002,32.830002,32.310001,32.759998,31.128391,6179100
2020-10-26,32.700001,33.160000,32.669998,33.160000,31.508474,7771000
2020-10-27,32.660000,33.110001,32.279999,32.340000,30.729311,8724400
2020-10-28,32.200001,32.750000,32.029999,32.160000,30.558277,11676500
2020-10-29,32.070000,32.599998,31.620001,32.259998,30.653296,7313700
2020-10-30,32.150002,32.529999,32.060001,32.209999,30.605785,8447800
2020-11-02,32.490002,32.529999,31.740000,32.060001,30.463257,7478500
2020-11-03,32.080002,32.840000,32.080002,32.740002,31.109386,6431900
2020-11-04,32.630001,32.740002,32.029999,32.090000,30.491760,9293000
2020-11-05,32.279999,32.869999,32.060001,32.720001,31.090384,7239900
2020-11-06,32.770000,33.349998,32.689999,33.169998,31.517971,7473800
2020-11-09,31.980000,32.070000,30.469999,31.010000,29.465553,20654500
2020-11-10,31.000000,31.959999,30.920000,31.920000,30.330233,10234400
2020-11-11,32.000000,32.480000,31.680000,32.090000,30.491760,9264800
2020-11-12,32.220001,32.220001,31.570000,32.029999,30.606430,9012200
2020-11-13,32.029999,32.209999,31.820000,32.139999,30.711536,6621000
2020-11-16,31.940001,32.660000,31.610001,32.299999,30.864426,10473800
2020-11-17,32.139999,32.270000,31.540001,31.900000,30.482208,11181700
2020-11-18,32.099998,32.470001,31.969999,32.040001,30.615988,7229200
2020-11-19,32.189999,32.959999,32.189999,32.759998,31.303984,9113100
2020-11-20,32.770000,33.060001,32.349998,32.439999,30.998203,7789300
2020-11-23,32.310001,33.240002,32.279999,33.029999,31.561985,12656100
2020-11-24,33.180000,33.279999,32.650002,32.689999,31.237097,11293200
2020-11-25,32.580002,32.689999,32.150002,32.320000,30.883535,8671800
2020-11-27,32.509998,32.799999,32.389999,32.430000,30.988653,5265800
2020-11-30,32.700001,33.169998,32.540001,33.000000,31.533312,34108800
2020-12-01,32.820000,33.349998,32.660000,33.009998,31.542862,10814800
2020-12-02,32.900002,33.119999,32.070000,32.290001,30.854874,18396400
2020-12-03,30.889999,31.200001,30.350000,30.879999,29.507542,33237100
2020-12-04,30.820000,30.910000,30.430000,30.580000,29.220871,18170100
2020-12-07,30.590000,31.190001,30.520000,30.950001,29.574427,18498200
2020-12-08,30.889999,31.309999,30.879999,31.299999,29.908875,12405600
2020-12-09,31.340000,31.570000,31.000000,31.209999,29.822872,12967000
2020-12-10,31.150000,31.320000,30.950001,31.209999,29.822872,9034800
2020-12-11,31.250000,31.540001,31.139999,31.340000,29.947096,10604000
2020-12-14,31.320000,31.590000,31.250000,31.299999,29.908875,10292800
2020-12-15,31.379999,31.420000,31.100000,31.190001,29.803761,9040400
2020-12-16,31.170000,31.320000,30.820000,30.969999,29.593538,12657900
2020-12-17,31.020000,31.090000,30.840000,31.000000,29.622204,11127000
2020-12-18,30.959999,31.080000,30.709999,30.870001,29.497984,13345400
2020-12-21,30.650000,30.799999,30.350000,30.799999,29.431095,12270000
2020-12-22,30.750000,30.930000,30.639999,30.889999,29.517097,13974400
2020-12-23,30.879999,31.600000,30.879999,31.389999,29.994875,9509500
2020-12-24,31.290001,31.620001,31.260000,31.530001,30.128651,2919000
2020-12-28,31.600000,31.680000,31.260000,31.389999,29.994875,7026300
2020-12-29,31.330000,31.629999,31.309999,31.459999,30.061762,6465100
2020-12-30,31.530001,31.760000,31.500000,31.549999,30.147758,6713300
2020-12-31,31.590000,31.830000,31.389999,31.760000,30.348427,7089100
2021-01-04,31.770000,32.259998,31.709999,32.130001,30.701984,11297100
2021-01-05,32.009998,32.279999,31.730000,31.900000,30.482208,9001500
2021-01-06,32.040001,32.700001,32.000000,32.209999,30.778429,11872200
2021-01-07,31.750000,32.410000,31.700001,31.820000,30.405760,9479300
2021-01-08,31.870001,31.920000,31.430000,31.629999,30.224207,9175400
2021-01-11,31.590000,32.029999,31.590000,31.760000,30.348427,8842200
2021-01-12,32.020000,32.349998,31.500000,31.520000,30.119095,10568400
2021-01-13,31.580000,32.119999,31.440001,31.990000,30.568209,8671800
2021-01-14,32.070000,33.439999,31.920000,33.139999,31.667093,20648100
2021-01-15,33.150002,34.220001,32.860001,33.700001,32.202206,14722600
2021-01-19,33.700001,33.730000,33.049999,33.619999,32.125759,9645300
2021-01-20,32.939999,33.169998,32.529999,33.070000,31.600204,10878500
2021-01-21,33.009998,33.450001,32.889999,33.209999,31.733986,8579900
2021-01-22,33.389999,33.720001,32.770000,33.560001,32.068424,9458200
2021-01-25,33.500000,37.029999,33.349998,34.570000,33.033543,32565400
2021-01-26,34.509998,37.169998,34.419998,37.070000,35.422421,24965000
2021-01-27,37.070000,42.990002,37.020000,38.750000,37.027760,40043200
2021-01-28,37.680000,39.430000,34.759998,35.380001,33.807545,28535200
2021-01-29,35.660000,36.580002,34.450001,34.500000,32.966652,17188900
2021-02-01,34.509998,34.939999,33.279999,33.700001,32.202206,13036700
2021-02-02,33.590000,33.599998,32.840000,33.099998,31.628866,11133600
2021-02-03,33.360001,33.990002,32.860001,33.959999,32.450649,10162700
2021-02-04,33.959999,34.169998,33.410000,33.450001,31.963318,8426200
2021-02-05,33.340000,33.759998,33.090000,33.150002,31.676651,8367600
2021-02-08,33.220001,33.630001,33.099998,33.279999,31.800871,8826500
2021-02-09,33.330002,33.799999,33.299999,33.590000,32.097092,10256100
2021-02-10,33.790001,33.980000,33.419998,33.610001,32.116211,7172600
2021-02-11,33.490002,33.660000,33.340000,33.400002,32.087387,6119900
2021-02-12,33.490002,34.009998,33.330002,33.950001,32.615768,7025100
2021-02-16,34.040001,34.180000,33.509998,33.660000,32.337166,8262800
2021-02-17,33.880001,34.400002,33.549999,34.369999,33.019260,7076700
2021-02-18,33.799999,34.259998,33.500000,33.840000,32.510090,7997200
2021-02-19,33.910000,34.389999,33.889999,34.020000,32.683014,7545300
2021-02-22,34.049999,34.200001,33.130001,33.590000,32.269917,7199200
2021-02-23,32.630001,33.279999,32.299999,33.029999,31.731926,9732300
2021-02-24,33.380001,33.570000,32.590000,32.750000,31.462927,6993900
2021-02-25,32.950001,33.380001,32.369999,32.410000,31.136292,8040200
2021-02-26,32.570000,32.830002,32.169998,32.209999,30.944151,8254500
2021-03-01,32.070000,33.130001,32.000000,32.889999,31.597427,9789000
2021-03-02,32.689999,33.259998,32.299999,32.560001,31.280399,11486900
2021-03-03,32.509998,33.330002,32.189999,33.250000,31.943279,11354300
2021-03-04,34.000000,34.639999,33.139999,34.090000,32.750271,16866700
2021-03-05,34.400002,35.330002,34.130001,34.439999,33.086510,16962100
2021-03-08,34.639999,35.250000,34.509998,34.740002,33.374725,11357700
2021-03-09,34.750000,35.169998,34.419998,34.459999,33.105728,9017100
2021-03-10,34.470001,35.509998,34.209999,35.240002,33.855072,9629800
2021-03-11,35.279999,35.500000,34.830002,34.939999,33.566856,9215000
2021-03-12,34.950001,35.599998,34.930000,35.459999,34.066422,10914000
2021-03-15,35.490002,36.200001,35.369999,35.869999,34.460316,11781900
2021-03-16,35.639999,35.959999,35.590000,35.820000,34.412281,7327000
2021-03-17,35.810001,35.889999,35.049999,35.279999,33.893501,9266500
2021-03-18,34.750000,35.220001,34.520000,34.689999,33.326687,9321200
2021-03-19,34.889999,35.580002,34.849998,35.400002,34.008785,12271000
2021-03-22,35.349998,36.209999,35.200001,36.189999,34.767738,8064200
2021-03-23,36.020000,37.049999,35.759998,36.639999,35.200050,10462000
2021-03-24,36.529999,36.709999,35.630001,35.709999,34.306599,11097900
2021-03-25,35.860001,36.570000,35.740002,36.490002,35.055950,7091200
2021-03-26,36.750000,37.389999,36.439999,37.230000,35.766861,9376300
2021-03-29,37.230000,38.130001,37.230000,37.950001,36.458569,9505500
2021-03-30,37.849998,38.310001,37.709999,38.080002,36.583458,10591400
2021-03-31,37.980000,38.020000,35.970001,35.990002,34.575603,18974100
2021-04-01,35.959999,36.349998,35.540001,35.950001,34.537170,11932700
2021-04-05,36.119999,36.970001,36.000000,36.730000,35.286514,9525500
2021-04-06,36.639999,37.150002,36.450001,36.889999,35.440224,12831100
2021-04-07,36.840000,37.439999,36.840000,37.150002,35.690010,11805600
2021-04-08,37.189999,37.380001,36.950001,37.230000,35.766861,9538800
2021-04-09,37.360001,37.950001,37.299999,37.779999,36.295250,7618700
2021-04-12,37.950001,38.169998,37.580002,37.970001,36.477783,7381600
2021-04-13,38.080002,38.360001,37.490002,37.580002,36.103119,10907700
2021-04-14,37.660000,37.689999,36.820000,37.240002,35.776466,6639700
2021-04-15,37.389999,37.619999,36.970001,37.189999,35.728439,6425100
2021-04-16,37.389999,37.389999,37.090000,37.110001,35.651581,6792500
2021-04-19,37.119999,37.680000,36.919998,37.430000,35.959007,6592800
2021-04-20,37.549999,38.310001,37.430000,37.759998,36.276039,7519800
2021-04-21,37.830002,38.389999,37.779999,37.910000,36.420139,5509400
2021-04-22,37.910000,38.009998,37.369999,37.430000,35.959007,6622800
2021-04-23,37.330002,37.450001,36.830002,37.349998,35.882153,5832400
2021-04-26,37.400002,37.400002,36.130001,36.540001,35.103981,9005600
2021-04-27,36.570000,36.990002,36.509998,36.770000,35.324944,6323000
2021-04-28,36.880001,37.049999,36.630001,36.650002,35.209660,5617200
2021-04-29,36.700001,37.169998,36.680000,37.060001,35.603542,5355700
2021-04-30,37.150002,37.220001,36.480000,36.540001,35.103981,9032400
2021-05-03,36.619999,37.580002,36.599998,37.380001,35.910973,6919500
2021-05-04,36.299999,36.790001,35.599998,35.889999,34.479530,10632400
2021-05-05,35.939999,36.529999,35.790001,36.470001,35.036736,7251000
2021-05-06,36.619999,38.090000,36.470001,37.689999,36.208790,10428400
2021-05-07,37.540001,37.880001,37.290001,37.730000,36.247211,8049900
2021-05-10,37.860001,39.070000,37.830002,38.860001,37.332809,9773100
2021-05-11,38.799999,39.259998,38.230000,38.419998,36.910091,14766600
2021-05-12,38.360001,38.400002,36.590000,36.630001,35.190441,9749200
2021-05-13,36.450001,37.200001,36.410000,36.810001,35.538002,6646200
2021-05-14,36.919998,37.470001,36.810001,37.200001,35.914524,6692600
2021-05-17,37.360001,38.139999,37.270000,37.389999,36.097958,5950200
2021-05-18,37.520000,37.830002,36.880001,37.200001,35.914524,8218300
2021-05-19,36.919998,37.070000,36.209999,36.400002,35.142174,7416500
2021-05-20,36.299999,36.500000,35.910000,36.360001,35.103558,4508600
2021-05-21,36.279999,36.869999,36.250000,36.590000,35.325607,8621500
2021-05-24,36.619999,37.169998,36.459999,36.599998,35.335262,5077100
2021-05-25,36.599998,36.700001,36.330002,36.459999,35.200096,4040500
2021-05-26,36.209999,36.590000,36.200001,36.389999,35.132515,4949700
2021-05-27,36.639999,37.090000,36.169998,36.290001,35.035973,16336400
2021-05-28,36.509998,37.240002,36.450001,36.980000,35.702126,11356600
2021-06-01,37.299999,37.439999,37.090000,37.279999,35.991764,7065400
2021-06-02,37.279999,37.959999,37.009998,37.950001,36.638615,7705700
2021-06-03,37.939999,38.570000,37.900002,38.490002,37.159954,7938700
2021-06-04,38.480000,38.770000,38.049999,38.610001,37.275806,7792100
2021-06-07,38.700001,39.049999,38.560001,38.970001,37.623363,5715900
2021-06-08,39.000000,39.560001,38.840000,38.889999,37.546127,6624700
2021-06-09,38.799999,38.799999,38.209999,38.279999,36.957211,6905500
2021-06-10,38.480000,39.200001,38.240002,38.790001,37.449581,6373600
2021-06-11,38.849998,38.939999,38.450001,38.709999,37.372353,5034800
2021-06-14,38.869999,38.869999,38.040001,38.400002,37.073063,5843400
2021-06-15,38.400002,38.400002,37.590000,37.869999,36.561378,10660000
2021-06-16,37.740002,37.980000,37.419998,37.549999,36.252430,11134300
2021-06-17,37.570000,39.619999,36.770000,39.180000,37.826107,22228400
2021-06-18,39.049999,39.200001,38.180000,38.750000,37.410969,16210800
2021-06-21,38.990002,39.759998,38.529999,39.580002,38.212288,10839400
2021-06-22,39.410000,40.080002,39.250000,39.830002,38.453648,9580600
2021-06-23,39.810001,39.830002,39.180000,39.189999,37.835766,5770500
2021-06-24,39.160000,39.450001,38.900002,39.150002,37.797138,5050900
2021-06-25,39.150002,39.430000,39.049999,39.209999,37.855068,5930000
2021-06-28,39.070000,39.419998,38.939999,39.360001,37.999889,5939600
2021-06-29,39.349998,39.720001,38.779999,38.849998,37.507504,5575700
2021-06-30,38.910000,39.049999,38.169998,38.310001,36.986176,9055800
2021-07-01,38.209999,38.529999,37.950001,38.130001,36.812393,5589700
2021-07-02,38.259998,38.799999,38.259998,38.369999,37.044102,6047900
2021-07-06,38.150002,38.150002,37.360001,37.410000,36.117271,9161500
2021-07-07,37.410000,37.980000,37.259998,37.639999,36.339325,4777900
2021-07-08,37.450001,38.169998,37.439999,37.880001,36.571030,5706100
2021-07-09,38.049999,38.450001,37.849998,38.270000,36.947552,5033400
2021-07-12,38.230000,38.540001,38.110001,38.310001,36.986176,4392200
2021-07-13,38.299999,38.599998,37.849998,38.070000,36.754463,4576600
2021-07-14,38.040001,38.599998,37.919998,38.320000,36.995823,7317800
2021-07-15,38.389999,39.020000,38.389999,38.840000,37.497856,11655100
2021-07-16,38.900002,39.660000,38.799999,39.360001,37.999889,8131500
2021-07-19,39.320000,41.189999,39.250000,41.070000,39.650799,13948100
2021-07-20,41.009998,41.500000,40.220001,40.570000,39.168076,9975300
2021-07-21,40.660000,40.720001,40.020000,40.110001,38.723972,5609800
2021-07-22,40.000000,40.009998,39.360001,39.730000,38.357101,6523700
2021-07-23,39.740002,39.910000,39.430000,39.889999,38.511574,4924400
2021-07-26,39.939999,40.410000,39.740002,39.790001,38.415031,4875800
2021-07-27,39.689999,40.099998,39.480000,40.029999,38.646732,4019400
2021-07-28,40.000000,40.180000,39.740002,40.029999,38.646732,3897300
2021-07-29,40.279999,41.020000,40.049999,40.720001,39.312893,4962400
2021-07-30,40.799999,41.950001,40.610001,40.700001,39.293583,9505400
2021-08-02,40.750000,41.139999,40.230000,41.009998,39.592869,5233800
2021-08-03,40.950001,42.750000,40.830002,42.619999,41.147240,10302000
2021-08-04,42.500000,42.740002,41.790001,41.919998,40.471428,5364100
2021-08-05,42.150002,42.439999,41.820000,41.869999,40.423149,4246000
2021-08-06,41.939999,42.180000,41.560001,41.750000,40.307301,4238000
2021-08-09,41.849998,42.400002,41.730000,42.279999,40.818977,4509900
2021-08-10,42.360001,43.209999,42.209999,42.779999,41.301704,5590900
2021-08-11,42.709999,43.169998,42.570000,43.000000,41.514103,5149600
2021-08-12,42.919998,42.990002,42.529999,42.639999,41.368576,4293000
2021-08-13,42.689999,42.980000,42.509998,42.810001,41.533508,3587100
2021-08-16,42.860001,43.509998,42.689999,43.450001,42.154423,5455400
2021-08-17,43.750000,45.580002,43.669998,45.439999,44.085083,14008600
2021-08-18,45.240002,46.389999,45.130001,46.259998,44.880634,11777800
2021-08-19,46.090000,46.840000,45.660000,45.930000,44.560478,11885500
2021-08-20,45.959999,47.009998,45.709999,46.939999,45.540363,6685900
2021-08-23,47.000000,47.180000,46.320000,46.740002,45.346329,5802900
2021-08-24,46.759998,46.930000,45.630001,45.750000,44.385838,6978400
2021-08-25,45.750000,46.320000,45.540001,45.799999,44.434349,5368100
2021-08-26,45.759998,45.799999,45.049999,45.169998,43.823135,7359100
2021-08-27,45.189999,45.639999,44.930000,45.490002,44.133598,3701300
2021-08-30,45.520000,46.619999,45.389999,46.200001,44.822426,5840800
2021-08-31,46.290001,46.450001,45.630001,46.029999,44.657494,8581400
2021-09-01,45.919998,46.040001,45.310001,45.740002,44.376144,6880400
2021-09-02,45.990002,47.990002,45.860001,47.310001,45.899330,12094600
2021-09-03,47.049999,47.240002,46.580002,46.650002,45.259010,5460300
2021-09-07,46.750000,46.790001,45.930000,45.990002,44.618694,7705300
2021-09-08,46.139999,46.919998,45.849998,46.290001,44.909744,8349000
2021-09-09,46.049999,46.369999,45.209999,46.130001,44.754513,9825800
2021-09-10,44.720001,44.860001,41.919998,42.669998,41.397682,25247300
2021-09-13,42.799999,43.580002,42.639999,42.880001,41.601421,9335800
2021-09-14,43.000000,43.080002,41.610001,41.790001,40.543926,11345000
2021-09-15,41.740002,42.240002,41.070000,41.099998,39.874496,10541300
2021-09-16,41.160000,41.770000,40.610001,40.869999,39.651352,10108200
2021-09-17,40.750000,41.410000,40.650002,40.939999,39.719269,25839200
2021-09-20,40.500000,41.169998,40.160000,40.410000,39.205067,7950900
2021-09-21,40.580002,40.950001,40.240002,40.450001,39.243881,6492900
2021-09-22,40.680000,40.700001,40.020000,40.099998,38.904308,6155900
2021-09-23,40.230000,40.529999,39.860001,40.180000,38.981934,7241600
2021-09-24,40.240002,40.959999,39.950001,39.980000,38.787895,7089900
2021-09-27,40.000000,41.049999,39.970001,40.189999,38.991627,7591200
2021-09-28,40.299999,41.009998,40.220001,40.509998,39.302094,7734600
2021-09-29,40.470001,41.639999,40.430000,41.340000,40.107342,8553600
2021-09-30,41.400002,41.590000,40.380001,40.430000,39.224472,7756400
2021-10-01,40.400002,40.430000,38.990002,39.139999,37.972935,9587800
2021-10-04,39.099998,39.720001,39.070000,39.630001,38.448334,8508700
2021-10-05,39.380001,40.029999,39.380001,39.880001,38.690876,7348000
2021-10-06,39.950001,40.200001,38.990002,39.549999,38.370716,6908700
2021-10-07,39.599998,40.049999,39.419998,39.500000,38.322205,5631000
2021-10-08,39.389999,39.810001,39.310001,39.470001,38.293098,4012300
2021-10-11,39.430000,40.029999,39.279999,39.580002,38.399826,4855100
2021-10-12,39.680000,40.389999,39.560001,39.830002,38.642365,5249500
2021-10-13,40.169998,40.290001,39.340000,39.470001,38.293098,4318600
2021-10-14,39.439999,39.680000,39.020000,39.119999,37.953537,5872600
2021-10-15,39.169998,39.459999,38.470001,38.590000,37.439346,6922900
2021-10-18,38.490002,39.349998,38.220001,39.209999,38.040848,7190600
2021-10-19,39.209999,39.330002,38.279999,39.070000,37.905025,5396200
2021-10-20,39.230000,39.630001,39.009998,39.320000,38.147572,5366300
2021-10-21,39.570000,39.810001,39.150002,39.299999,38.128170,3970500
2021-10-22,39.380001,40.259998,39.380001,40.230000,39.030437,7945300
2021-10-25,40.320000,40.740002,40.080002,40.330002,39.127460,5515400
2021-10-26,40.349998,40.369999,39.740002,39.959999,38.768490,4180800
2021-10-27,40.299999,40.349998,39.450001,39.480000,38.302799,3954300
2021-10-28,39.419998,39.730000,39.180000,39.689999,38.506542,3857000
2021-10-29,39.580002,40.380001,39.480000,40.020000,38.826702,6012500
2021-11-01,40.139999,40.500000,39.790001,40.450001,39.243881,5251500
2021-11-02,40.750000,41.320000,40.160000,40.700001,39.486423,5786400
2021-11-03,41.279999,42.959999,41.209999,42.950001,41.669334,10831900
2021-11-04,42.700001,43.490002,42.400002,43.419998,42.125317,7479600
2021-11-05,43.459999,43.570000,41.980000,42.320000,41.058117,6137100
2021-11-08,42.209999,42.450001,41.380001,41.700001,40.456608,4899800
2021-11-09,41.810001,42.270000,41.630001,41.930000,40.679749,3441200
2021-11-10,41.900002,42.500000,41.630001,42.470001,41.203651,3977900
2021-11-11,42.419998,42.750000,42.080002,42.270000,41.009613,4817100
2021-11-12,42.099998,42.720001,41.900002,42.430000,41.370373,3677900
2021-11-15,42.430000,42.900002,42.209999,42.660000,41.594624,4050700
2021-11-16,42.259998,42.340000,41.500000,41.689999,40.648846,6231100
2021-11-17,41.630001,41.669998,40.590000,40.650002,39.634823,10087200
2021-11-18,40.779999,41.529999,40.650002,41.400002,40.366093,4352100
2021-11-19,41.509998,41.889999,40.750000,40.889999,39.868828,7030800
2021-11-22,41.220001,43.080002,41.160000,42.860001,41.789627,6711900
2021-11-23,42.779999,43.380001,42.410000,43.060001,41.984638,5141900
2021-11-24,43.060001,43.070000,42.299999,42.540001,41.477619,4706900
2021-11-26,42.500000,43.970001,42.500000,43.139999,42.062637,7507200
2021-11-29,42.810001,43.380001,42.320000,42.349998,41.292366,5960000
2021-11-30,42.169998,42.740002,41.380001,41.529999,40.492840,13103900
2021-12-01,41.529999,41.779999,40.180000,40.209999,39.205811,8936400
2021-12-02,42.459999,45.680000,41.730000,44.650002,43.534935,26027500
2021-12-03,45.000000,45.119999,42.939999,43.430000,42.345398,12398500
2021-12-06,43.889999,45.580002,43.549999,45.110001,43.983440,10308200
2021-12-07,45.080002,45.650002,44.900002,45.070000,43.944439,6616200
2021-12-08,45.070000,45.590000,42.090000,42.810001,41.740879,18433300
2021-12-09,42.910000,43.830002,42.889999,43.680000,42.589149,8312900
2021-12-10,43.650002,44.680000,43.459999,44.599998,43.486179,7090000
2021-12-13,44.389999,45.970001,44.209999,45.630001,44.490452,8903600
2021-12-14,45.639999,46.919998,45.029999,45.580002,44.441704,6991500
2021-12-15,45.770000,46.470001,45.639999,46.220001,45.065720,9058300
2021-12-16,46.090000,46.220001,45.450001,45.910000,44.763462,9585300
2021-12-17,45.860001,47.040001,44.770000,44.790001,43.671429,13750500
2021-12-20,44.790001,45.950001,44.709999,45.509998,44.373447,10286000
2021-12-21,45.230000,45.689999,43.599998,43.869999,42.774406,10436600
2021-12-22,43.919998,44.220001,43.020000,43.520000,42.433147,6016000
2021-12-23,43.490002,43.770000,43.180000,43.209999,42.130890,4115600
2021-12-27,43.310001,43.799999,43.040001,43.740002,42.647652,3772400
2021-12-28,43.790001,44.439999,43.740002,44.419998,43.310669,5230600
2021-12-29,44.500000,44.880001,44.299999,44.709999,43.593430,3985300
2021-12-30,45.270000,45.630001,44.669998,45.139999,44.012691,4571900
2021-12-31,45.110001,45.700001,45.110001,45.259998,44.129688,4755500
2022-01-03,44.910000,45.220001,44.520000,45.189999,44.061443,6024700
2022-01-04,45.180000,46.330002,45.099998,46.169998,45.016964,10378100
2022-01-05,46.320000,47.540001,46.279999,46.810001,45.640984,8367700
2022-01-06,47.020000,47.430000,46.349998,47.119999,45.943245,7115600
2022-01-07,47.250000,48.889999,47.139999,48.119999,46.918270,8672700
2022-01-10,48.290001,49.580002,48.150002,49.099998,47.873791,10633500
2022-01-11,49.110001,49.689999,47.330002,47.709999,46.518509,8873500
2022-01-12,47.049999,47.270000,46.169998,47.139999,45.962742,6787000
2022-01-13,47.259998,50.150002,47.150002,49.480000,48.244301,12665700
2022-01-14,49.389999,49.910000,48.650002,49.119999,47.893295,7060700
2022-01-18,48.919998,49.110001,48.279999,48.590000,47.376530,7173100
2022-01-19,48.700001,49.080002,48.060001,48.580002,47.366787,4956300
2022-01-20,48.560001,48.840000,47.110001,47.270000,46.089500,7489900
2022-01-21,47.529999,47.759998,46.820000,46.919998,45.748234,5832900
2022-01-24,47.029999,48.430000,46.790001,47.720001,46.528255,8880200
2022-01-25,46.299999,46.869999,45.049999,45.080002,43.954189,9981100
2022-01-26,45.040001,45.330002,44.180000,44.380001,43.271671,9921800
2022-01-27,44.540001,45.560001,44.540001,45.400002,44.266197,6770500
2022-01-28,43.630001,44.160000,42.889999,43.470001,42.384396,10170300
2022-01-31,43.279999,43.810001,42.700001,43.590000,42.501400,6861900
2022-02-01,43.500000,44.369999,43.150002,44.130001,43.027916,5870600
2022-02-02,44.020000,44.470001,43.380001,44.099998,42.998661,7003600
2022-02-03,44.070000,45.349998,44.060001,45.110001,43.983440,5855200
2022-02-04,44.990002,45.139999,44.310001,44.770000,43.651932,5992800
2022-02-07,45.020000,45.240002,44.169998,44.669998,43.554424,5049300
2022-02-08,44.849998,45.840000,44.639999,45.500000,44.363697,5041000
2022-02-09,45.290001,45.669998,44.939999,45.150002,44.022438,3874000
2022-02-10,45.290001,45.619999,44.849998,45.169998,44.041939,4799300
2022-02-11,45.450001,46.669998,45.340000,46.270000,45.114468,6226600
2022-02-14,45.990002,46.180000,44.709999,45.689999,44.752068,5799700
2022-02-15,45.779999,46.630001,45.310001,46.410000,45.457283,5780600
2022-02-16,46.230000,46.910000,44.259998,44.570000,43.655056,8416000
2022-02-17,44.349998,45.669998,44.349998,45.230000,44.301506,11145200
2022-02-18,45.099998,45.689999,44.919998,45.590000,44.654114,4525000
2022-02-22,45.450001,45.849998,44.830002,45.040001,44.115410,5229800
2022-02-23,45.250000,45.389999,44.400002,44.529999,43.615875,4070900
2022-02-24,44.439999,45.310001,43.139999,44.439999,43.527725,6877700
2022-02-25,45.500000,46.650002,45.000000,46.459999,45.506256,6691400
2022-02-28,45.759998,47.169998,45.759998,46.799999,45.839279,8712800
2022-03-01,48.119999,48.750000,47.430000,48.349998,47.357460,12129700
2022-03-02,48.090000,49.490002,48.090000,49.369999,48.356522,9920000
2022-03-03,52.250000,55.500000,52.250000,55.099998,53.968891,27439600
2022-03-04,54.279999,58.980000,54.209999,58.939999,57.730064,21597500
2022-03-07,58.439999,62.580002,57.259998,57.820000,56.633057,23454400
2022-03-08,57.380001,58.840000,55.660000,55.709999,54.566376,10915700
2022-03-09,55.099998,56.049999,54.470001,55.340000,54.203972,10180400
2022-03-10,55.790001,57.400002,55.200001,57.090000,55.918049,9926500
2022-03-11,56.500000,57.490002,55.860001,55.889999,54.742676,5621000
2022-03-14,55.590000,55.889999,54.279999,55.419998,54.282322,5524100
2022-03-15,55.740002,56.230000,54.660000,56.189999,55.036518,6127900
2022-03-16,55.860001,56.750000,54.419998,54.990002,53.861153,7093200
2022-03-17,55.349998,56.189999,54.689999,55.660000,54.517399,5364800
2022-03-18,55.770000,56.389999,55.160000,55.820000,54.674114,9908000
2022-03-21,55.980000,57.610001,55.619999,55.680000,54.536991,6458600
2022-03-22,56.000000,56.799999,55.130001,56.570000,55.408714,7006000
2022-03-23,56.740002,57.200001,56.169998,56.450001,55.291180,5209300
2022-03-24,56.599998,57.880001,56.419998,56.750000,55.585026,8267000
2022-03-25,56.619999,57.369999,56.490002,57.000000,55.829887,5090400
2022-03-28,56.990002,57.450001,56.619999,57.000000,55.829887,5879100
2022-03-29,56.950001,57.250000,54.889999,56.389999,55.232414,9428400
2022-03-30,56.259998,56.770000,56.029999,56.369999,55.212826,4083700
2022-03-31,56.349998,57.939999,56.310001,57.369999,56.192299,8476600
2022-04-01,57.500000,57.880001,56.619999,57.480000,56.300041,4232100
2022-04-04,57.599998,58.950001,57.080002,57.439999,56.260857,4999900
2022-04-05,57.470001,59.130001,57.299999,57.650002,56.466549,5848300
2022-04-06,57.599998,59.150002,57.279999,58.730000,57.524380,7514500
2022-04-07,59.060001,60.290001,58.799999,59.880001,58.650776,6436400
2022-04-08,62.000000,62.779999,61.119999,61.669998,60.404022,10513400
2022-04-11,61.939999,62.349998,60.450001,60.650002,59.404961,4893700
2022-04-12,59.980000,60.029999,58.389999,58.750000,57.543964,8529700
2022-04-13,58.500000,58.950001,57.630001,58.340000,57.142387,6504500
2022-04-14,58.459999,59.130001,58.200001,58.320000,57.122795,5301300
2022-04-18,57.910000,58.590000,57.610001,57.820000,56.633057,3172800
2022-04-19,58.000000,58.400002,57.549999,57.790001,56.603672,5372200
2022-04-20,58.000000,58.299999,57.369999,57.700001,56.515522,6986500
2022-04-21,57.509998,58.700001,57.279999,58.180000,56.985676,5673200
2022-04-22,58.810001,58.970001,56.980000,57.000000,55.829887,5586700
2022-04-25,56.930000,57.240002,55.840000,56.689999,55.526257,7862600
2022-04-26,56.610001,56.779999,55.480000,55.720001,54.576172,5848800
2022-04-27,56.080002,56.310001,55.230000,55.580002,54.439045,5304200
2022-04-28,55.639999,55.770000,55.099998,55.490002,54.350887,4921800
2022-04-29,55.770000,55.950001,53.790001,53.959999,52.852299,6856400
2022-05-02,54.650002,54.880001,53.220001,53.720001,52.617222,7232700
2022-05-03,54.279999,55.270000,53.730000,54.790001,53.665264,6058400
2022-05-04,54.250000,55.980000,54.250000,55.770000,54.625141,6979500
2022-05-05,55.070000,55.310001,53.389999,53.849998,52.744556,7047200
2022-05-06,53.650002,55.150002,53.380001,53.849998,52.744556,5087800
2022-05-09,53.430000,55.000000,53.139999,54.840000,53.714233,6677800
2022-05-10,54.660000,55.259998,54.419998,55.189999,54.057045,6505200
2022-05-11,55.439999,55.830002,54.080002,54.330002,53.214706,6442100
2022-05-12,55.060001,55.790001,53.980000,54.220001,53.313030,4666100
2022-05-13,54.509998,54.700001,53.259998,53.389999,52.496910,5355900
2022-05-16,53.869999,54.040001,52.650002,53.200001,52.310093,4692300
2022-05-17,52.369999,52.369999,50.759998,51.230000,50.373043,11792100
2022-05-18,49.619999,49.869999,47.349998,47.900002,47.098747,10326900
2022-05-19,47.490002,48.560001,46.790001,48.000000,47.197075,9137900
2022-05-20,48.299999,49.110001,47.660000,48.660000,47.846035,8053000
2022-05-23,48.660000,50.820000,48.500000,50.220001,49.379944,6268200
2022-05-24,49.790001,51.520000,49.650002,51.509998,50.648357,5993900
2022-05-25,51.330002,51.619999,50.340000,51.160000,50.304214,6797000
2022-05-26,52.150002,52.580002,51.820000,52.139999,51.267822,5866700
2022-05-27,51.930000,53.209999,51.730000,52.959999,52.074100,6215600
2022-05-31,52.619999,53.470001,52.330002,52.970001,52.083939,18085900
2022-06-01,53.349998,53.349998,50.730000,51.349998,50.491035,6045300
2022-06-02,51.639999,52.900002,51.439999,52.880001,51.995445,4563300
2022-06-03,53.060001,53.380001,52.459999,52.540001,51.661129,3623100
2022-06-06,52.930000,52.980000,52.139999,52.150002,51.277653,3421100
2022-06-07,51.349998,52.070000,51.119999,52.029999,51.159660,3389500
2022-06-08,52.240002,52.270000,51.169998,51.220001,50.363213,4051200
2022-06-09,51.080002,51.759998,50.389999,50.430000,49.586426,3876700
2022-06-10,50.139999,51.490002,50.000000,51.090000,50.235386,4839900
2022-06-13,50.570000,51.029999,50.110001,50.330002,49.488102,5447400
2022-06-14,50.450001,51.119999,50.099998,50.389999,49.547092,5567500
2022-06-15,50.630001,51.490002,50.389999,50.880001,50.028896,6177000
2022-06-16,48.340000,50.910000,48.330002,49.820000,48.986629,13182700
2022-06-17,50.139999,50.250000,45.720001,46.200001,45.427181,21124500
2022-06-21,46.080002,48.650002,45.900002,48.400002,47.590385,8713900
2022-06-22,48.090000,48.509998,47.290001,47.340000,46.548111,5212800
2022-06-23,48.180000,48.419998,47.380001,47.730000,46.931587,6224800
2022-06-24,48.049999,48.709999,47.720001,48.450001,47.639545,10800100
2022-06-27,48.570000,49.200001,48.340000,48.700001,47.885365,4333700
2022-06-28,49.040001,49.389999,48.360001,48.430000,47.619881,3684700
2022-06-29,48.869999,49.560001,48.000000,48.110001,47.305237,4674200
2022-06-30,47.720001,47.990002,47.119999,47.330002,46.538288,6448600
2022-07-01,47.610001,48.139999,47.090000,48.139999,47.334736,4131000
2022-07-05,48.380001,48.490002,46.779999,47.230000,46.439953,4416300
2022-07-06,47.189999,47.689999,46.990002,47.400002,46.607109,4404000
2022-07-07,47.689999,48.840000,47.540001,48.740002,47.924698,5002900
2022-07-08,49.009998,49.250000,47.720001,48.020000,47.216740,4100000
2022-07-11,48.000000,48.380001,47.820000,47.900002,47.098747,3411800
2022-07-12,47.900002,48.470001,47.439999,47.599998,46.803764,4249700
2022-07-13,47.639999,48.490002,47.639999,47.950001,47.147911,5326600
2022-07-14,47.310001,47.919998,46.689999,47.500000,46.705437,5250900
2022-07-15,47.849998,48.070000,47.529999,47.750000,46.951260,3684800
2022-07-18,47.990002,48.389999,47.400002,47.529999,46.734936,3694400
2022-07-19,47.990002,48.070000,47.169998,47.299999,46.508785,4363400
2022-07-20,47.299999,47.480000,46.770000,47.200001,46.410458,5354400
2022-07-21,47.049999,47.169998,45.790001,46.279999,45.505844,5211800
2022-07-22,46.299999,46.669998,46.040001,46.240002,45.466518,4458500
2022-07-25,46.250000,46.439999,45.419998,45.709999,44.945381,6041600
2022-07-26,44.860001,46.099998,44.340000,46.020000,45.250198,7518500
2022-07-27,45.880001,45.980000,45.139999,45.939999,45.171532,4764200
2022-07-28,45.880001,46.330002,45.840000,46.040001,45.269859,3631100
2022-07-29,45.770000,46.480000,45.520000,46.439999,45.663170,4180200
2022-08-01,46.259998,47.369999,46.259998,46.740002,45.958153,4330600
2022-08-02,47.000000,47.150002,46.110001,46.779999,45.997482,3863300
2022-08-03,46.820000,47.189999,46.349998,46.970001,46.184307,3487500
2022-08-04,47.009998,47.669998,46.630001,46.700001,45.918819,4882200
2022-08-05,46.930000,47.310001,46.820000,47.250000,46.459618,3541600
2022-08-08,47.310001,47.610001,46.959999,47.090000,46.302296,2975700
2022-08-09,47.070000,47.580002,46.619999,46.869999,46.085976,4293700
2022-08-10,47.169998,47.320000,46.639999,46.790001,46.007313,6233400
2022-08-11,46.939999,47.790001,46.709999,47.189999,46.400623,3766800
2022-08-12,47.080002,47.270000,46.619999,47.209999,46.677464,4063100
2022-08-15,47.119999,47.709999,46.759998,47.520000,46.983967,4564700
2022-08-16,47.759998,49.380001,47.759998,49.080002,48.526371,8608400
2022-08-17,48.919998,49.349998,48.459999,48.549999,48.002346,7550800
2022-08-18,48.619999,49.680000,48.619999,49.619999,49.060280,5697800
2022-08-19,49.709999,50.290001,49.330002,49.500000,48.941635,6426900
2022-08-22,49.570000,50.180000,49.549999,50.119999,49.554638,4404700
2022-08-23,50.119999,50.340000,49.169998,49.599998,49.040504,5798200
2022-08-24,49.610001,49.790001,49.240002,49.660000,49.099827,4350100
2022-08-25,49.599998,49.599998,48.430000,49.320000,48.763660,4999400
2022-08-26,49.400002,49.529999,48.349998,48.380001,47.834267,2886000
2022-08-29,48.119999,48.520000,47.720001,48.299999,47.755169,2839600
2022-08-30,48.389999,48.410000,47.410000,47.509998,46.974079,3564800
2022-08-31,47.580002,48.189999,47.480000,47.939999,47.399227,5408100
2022-09-01,47.919998,49.400002,47.910000,48.610001,48.061672,7283900
2022-09-02,48.900002,49.349998,48.290001,48.430000,47.883701,4086400
2022-09-06,48.880001,49.560001,48.389999,48.520000,47.972687,6189700
2022-09-07,48.720001,49.900002,48.720001,49.820000,49.258022,6012400
2022-09-08,49.700001,50.139999,47.939999,48.360001,47.814495,9401600
2022-09-09,49.340000,52.000000,48.560001,51.939999,51.354107,13877700
2022-09-12,51.810001,51.810001,50.230000,50.540001,49.969902,9407400
2022-09-13,50.270000,51.740002,49.130001,49.369999,48.813099,6987100
2022-09-14,49.500000,49.650002,48.310001,48.939999,48.387947,5937900
2022-09-15,49.150002,49.189999,47.470001,47.880001,47.339905,6305800
2022-09-16,47.759998,47.970001,46.990002,47.279999,46.746670,13928800
2022-09-19,46.880001,47.790001,46.700001,47.450001,46.914757,5997300
2022-09-20,47.119999,47.250000,46.470001,46.919998,46.390732,4566800
2022-09-21,47.020000,47.150002,45.270000,45.270000,44.759346,6223700
2022-09-22,45.110001,45.869999,45.009998,45.500000,44.986752,5211900
2022-09-23,45.020000,45.080002,44.110001,44.860001,44.353973,5965800
2022-09-26,44.799999,45.279999,44.380001,45.000000,44.492393,5785200
2022-09-27,45.180000,45.299999,44.189999,44.290001,43.790401,4591200
2022-09-28,44.570000,45.660000,43.810001,45.450001,44.937317,6285000
2022-09-29,45.209999,45.529999,44.520000,44.680000,44.176003,4046400
2022-09-30,44.779999,44.880001,43.570000,43.750000,43.256493,5625800
2022-10-03,43.830002,44.080002,43.290001,43.750000,43.256493,8225500
2022-10-04,44.160000,44.840000,44.020000,44.700001,44.195778,4973300
2022-10-05,44.490002,44.959999,44.009998,44.599998,44.096905,4085000
2022-10-06,44.590000,44.840000,43.669998,43.720001,43.226833,3836400
2022-10-07,43.660000,43.779999,42.810001,43.000000,42.514954,5269900
2022-10-10,43.509998,44.340000,43.450001,44.259998,43.760738,4213300
2022-10-11,44.240002,45.970001,44.090000,45.680000,45.164722,7378400
2022-10-12,45.790001,46.689999,45.630001,46.040001,45.520660,7441200
2022-10-13,45.759998,48.360001,44.779999,46.570000,46.044682,27509100
2022-10-14,45.150002,46.240002,42.360001,43.160000,42.673149,19688900
2022-10-17,43.310001,43.480000,41.820000,42.110001,41.634991,11020300
2022-10-18,42.570000,43.320000,42.360001,43.160000,42.673149,8771000
2022-10-19,43.279999,43.660000,42.910000,42.939999,42.455627,7653200
2022-10-20,42.939999,43.090000,42.090000,42.169998,41.694313,6084600
2022-10-21,42.340000,43.970001,42.150002,43.630001,43.137848,7103800
2022-10-24,43.730000,44.169998,42.849998,43.990002,43.493790,5418100
2022-10-25,43.830002,44.930000,43.750000,44.770000,44.264988,4730700
2022-10-26,44.930000,45.910000,44.919998,45.439999,44.927429,6610400
2022-10-27,45.619999,46.020000,45.490002,45.680000,45.164722,3638500
2022-10-28,45.950001,47.410000,45.900002,46.770000,46.242428,4052300
2022-10-31,46.759998,47.480000,46.730000,47.290001,46.756561,4638000
2022-11-01,47.630001,47.790001,46.810001,47.169998,46.637913,3864500
2022-11-02,47.040001,47.650002,46.549999,46.560001,46.034798,4018000
2022-11-03,46.310001,47.299999,46.009998,47.220001,46.687355,4107600
2022-11-04,47.430000,47.619999,45.619999,46.400002,45.876602,4357800
2022-11-07,46.619999,46.950001,46.310001,46.849998,46.321522,2887100
2022-11-08,46.799999,47.360001,46.700001,47.119999,46.588478,3839700
2022-11-09,48.279999,49.570000,47.980000,48.060001,47.517876,6522600
2022-11-10,48.610001,48.639999,46.959999,48.110001,47.567310,5721900
2022-11-11,48.150002,48.150002,45.910000,47.099998,46.568703,8480600
2022-11-14,47.250000,47.590000,46.520000,46.560001,46.290329,5400500
2022-11-15,47.029999,47.279999,46.270000,46.869999,46.598530,5276900
2022-11-16,47.009998,48.119999,46.830002,47.830002,47.552971,6961900
2022-11-17,47.529999,48.430000,47.500000,48.180000,47.900944,4433000
2022-11-18,48.650002,48.860001,47.849998,48.259998,47.980476,4656600
2022-11-21,48.110001,48.400002,47.610001,48.119999,47.841290,3524500
2022-11-22,48.540001,48.669998,47.959999,48.080002,47.801525,3597200
2022-11-23,48.169998,48.250000,47.619999,47.840000,47.562912,4091700
2022-11-25,47.900002,49.040001,47.900002,49.040001,48.755962,2438800
2022-11-28,48.919998,49.389999,48.480000,48.830002,48.547180,5846200
2022-11-29,49.000000,49.740002,48.709999,49.349998,49.064167,6008000
2022-11-30,48.959999,49.419998,48.439999,49.189999,48.905090,10713400
2022-12-01,50.349998,50.410000,47.650002,48.410000,48.129612,10564400
2022-12-02,48.299999,48.570000,47.279999,47.570000,47.294476,5145200
2022-12-05,47.209999,47.419998,45.549999,46.070000,45.803165,7997900
2022-12-06,46.330002,46.730000,45.930000,46.330002,46.061661,4102400
2022-12-07,46.459999,47.060001,46.360001,46.939999,46.668125,4855400
2022-12-08,46.830002,47.540001,46.419998,47.459999,47.185112,3792600
2022-12-09,47.189999,47.500000,46.459999,46.470001,46.200848,5210300
2022-12-12,46.540001,46.830002,46.040001,46.709999,46.439457,4260500
2022-12-13,46.799999,46.889999,45.430000,45.450001,45.186756,6225300
2022-12-14,45.369999,45.660000,44.580002,44.759998,44.500751,5731700
2022-12-15,44.259998,44.450001,43.320000,43.490002,43.238110,7070200
2022-12-16,43.259998,44.439999,43.060001,44.320000,44.063301,13022400
2022-12-19,44.310001,44.770000,43.990002,44.400002,44.142838,4556200
2022-12-20,44.270000,44.970001,44.200001,44.580002,44.321796,4444400
2022-12-21,44.549999,44.810001,44.310001,44.459999,44.202488,3486200
2022-12-22,44.560001,45.259998,44.230000,45.250000,44.987915,4340400
2022-12-23,45.250000,46.070000,45.250000,45.889999,45.624207,4693200
2022-12-27,45.919998,46.360001,45.830002,45.950001,45.683861,4601000
2022-12-28,45.939999,46.160000,44.570000,44.580002,44.321796,4223900
2022-12-29,44.680000,44.779999,44.410000,44.619999,44.361561,2897600
2022-12-30,44.490002,44.840000,44.240002,44.580002,44.321796,3626000
2023-01-03,44.480000,45.000000,44.220001,44.470001,44.212433,3570100
2023-01-04,44.400002,45.509998,44.070000,44.970001,44.709538,4299700
2023-01-05,44.779999,45.240002,44.209999,45.160000,44.898434,4749800
2023-01-06,45.320000,45.980000,45.259998,45.740002,45.475079,4385800
2023-01-09,45.990002,46.450001,45.790001,46.189999,45.922466,4736600
2023-01-10,46.270000,46.639999,45.799999,45.980000,45.713684,3434600
2023-01-11,46.189999,46.279999,45.090000,45.610001,45.345829,4994300
2023-01-12,45.730000,45.830002,45.180000,45.669998,45.405479,3312400
2023-01-13,45.500000,45.669998,44.860001,45.220001,44.958088,3429400
2023-01-17,45.360001,46.490002,45.349998,46.180000,45.912529,3834000
2023-01-18,46.220001,46.389999,45.110001,45.259998,44.997852,4005200
2023-01-19,45.320000,45.439999,43.990002,44.000000,43.745155,4422200
2023-01-20,44.009998,44.490002,43.619999,44.450001,44.192547,3978500
2023-01-23,44.450001,45.040001,44.290001,44.700001,44.441101,3556300
2023-01-24,45.000000,45.000000,44.150002,44.259998,44.003647,2721800
2023-01-25,44.299999,44.910000,44.270000,44.900002,44.639942,3351700
2023-01-26,44.799999,44.919998,44.340000,44.459999,44.202488,3106600
2023-01-27,44.599998,45.299999,44.459999,45.049999,44.789070,3672000
2023-01-30,44.689999,44.889999,44.070000,44.209999,43.953938,4544800
2023-01-31,44.049999,44.630001,43.740002,44.630001,44.371506,5007000
2023-02-01,44.410000,45.389999,44.080002,45.180000,44.918320,5387300
2023-02-02,44.779999,45.290001,44.560001,44.970001,44.709538,4816500
2023-02-03,44.919998,45.020000,44.150002,44.419998,44.162720,5025100
2023-02-06,44.529999,44.610001,44.090000,44.540001,44.282028,4413800
2023-02-07,44.500000,44.650002,44.139999,44.470001,44.212433,3487100
2023-02-08,44.360001,44.560001,44.000000,44.270000,44.013592,4791300
2023-02-09,44.349998,44.480000,43.930000,44.090000,43.834633,3660300
2023-02-10,44.230000,45.189999,44.180000,44.799999,44.540520,3726200
2023-02-13,44.840000,44.950001,44.500000,44.889999,44.629997,4477600
2023-02-14,44.770000,44.770000,43.590000,43.630001,43.630001,4941500
2023-02-15,43.759998,44.279999,43.669998,44.270000,44.270000,3987200
2023-02-16,43.919998,44.080002,43.709999,43.849998,43.849998,4493300
2023-02-17,43.959999,44.139999,43.790001,44.000000,44.000000,4230100
2023-02-21,43.930000,44.759998,43.570000,44.619999,44.619999,5973400
2023-02-22,44.459999,45.169998,44.029999,44.619999,44.619999,4718600
2023-02-23,44.500000,44.560001,43.730000,43.910000,43.910000,5079600
2023-02-24,43.799999,43.959999,43.450001,43.750000,43.750000,5039500
2023-02-27,43.849998,44.150002,43.299999,43.410000,43.410000,5586100
2023-02-28,43.150002,43.459999,42.930000,43.139999,43.139999,6000400
2023-03-01,42.959999,43.430000,42.820000,43.380001,43.380001,7008800
2023-03-02,45.009998,46.619999,44.209999,45.730000,45.730000,12908600
2023-03-03,46.700001,46.759998,45.549999,45.980000,45.980000,8238900
2023-03-06,45.700001,46.529999,45.500000,46.480000,46.480000,6271000
2023-03-07,46.490002,47.139999,46.270000,46.910000,46.910000,8262100
2023-03-08,46.750000,47.560001,46.700001,47.450001,47.450001,7354500
2023-03-09,47.650002,47.730000,47.040001,47.250000,47.250000,6352200
2023-03-10,46.950001,47.340000,46.720001,47.099998,47.099998,7329300
2023-03-13,47.040001,48.070000,46.580002,46.849998,46.849998,8891300
2023-03-14,46.750000,47.240002,46.509998,47.180000,47.180000,6577100
2023-03-15,47.009998,48.360001,46.820000,48.290001,48.290001,7340600
2023-03-16,48.299999,48.400002,46.950001,47.130001,47.130001,7188700
2023-03-17,47.240002,47.400002,46.480000,46.779999,46.779999,15100200
2023-03-20,47.400002,47.980000,47.299999,47.349998,47.349998,5776300
2023-03-21,47.500000,47.860001,47.450001,47.759998,47.759998,4560400
2023-03-22,47.939999,48.680000,47.869999,48.040001,48.040001,7411900
2023-03-23,48.000000,49.040001,48.000000,48.520000,48.520000,8511200
2023-03-24,48.709999,49.439999,48.619999,49.049999,49.049999,6830200
2023-03-27,49.090000,49.439999,48.619999,48.630001,48.630001,6508200
2023-03-28,48.529999,49.169998,48.480000,48.919998,48.919998,4732500
2023-03-29,49.009998,49.139999,48.730000,49.040001,49.040001,5164600
2023-03-30,48.970001,49.320000,48.810001,49.060001,49.060001,3743800