Date,Open,High,Low,Close,Adj Close,Volume
2018-04-02,52.349998,54.349998,52.134998,54.099998,54.099998,708100
2018-04-03,55.099998,56.150002,52.799999,55.799999,55.799999,834100
2018-04-04,54.000000,55.250000,52.750000,54.599998,54.599998,629000
2018-04-05,55.150002,57.400002,54.700001,57.200001,57.200001,733100
2018-04-06,56.349998,57.250000,53.750000,54.224998,54.224998,677500
2018-04-09,55.400002,57.000000,54.750000,56.549999,56.549999,647300
2018-04-10,57.849998,59.200001,54.650002,54.799999,54.799999,1492600
2018-04-11,54.900002,55.750000,54.099998,55.000000,55.000000,591800
2018-04-12,55.400002,55.900002,54.599998,55.150002,55.150002,423900
2018-04-13,55.250000,55.450001,53.459999,54.150002,54.150002,421800
2018-04-16,54.000000,54.049999,51.700001,53.099998,53.099998,1164200
2018-04-17,53.549999,54.849998,53.099998,54.250000,54.250000,511800
2018-04-18,54.599998,56.549999,54.599998,56.000000,56.000000,572600
2018-04-19,56.299999,56.500000,55.049999,55.049999,55.049999,596200
2018-04-20,54.799999,55.650002,54.400002,55.200001,55.200001,508500
2018-04-23,55.400002,55.700001,52.349998,53.150002,53.150002,797000
2018-04-24,53.250000,53.849998,51.900002,52.700001,52.700001,683100
2018-04-25,52.750000,53.099998,50.900002,52.349998,52.349998,538900
2018-04-26,52.650002,53.049999,52.250000,53.000000,53.000000,426400
2018-04-27,53.549999,54.150002,52.950001,53.099998,53.099998,368000
2018-04-30,53.000000,53.549999,52.200001,52.650002,52.650002,488000
2018-05-01,52.650002,52.799999,51.750000,52.549999,52.549999,520900
2018-05-02,50.750000,53.200001,50.591000,53.000000,53.000000,718300
2018-05-03,53.000000,53.025002,51.900002,52.849998,52.849998,366100
2018-05-04,52.500000,54.750000,52.424999,54.599998,54.599998,545300
2018-05-07,55.599998,57.150002,55.000000,56.950001,56.950001,835800
2018-05-08,57.599998,57.849998,55.799999,56.150002,56.150002,1363800
2018-05-09,56.299999,57.000000,54.150002,55.650002,55.650002,1547400
2018-05-10,57.299999,65.000000,56.099998,64.849998,64.849998,4037200
2018-05-11,64.250000,65.449997,63.599998,64.300003,64.300003,1171500
2018-05-14,64.699997,70.738998,64.699997,68.550003,68.550003,2221000
2018-05-15,68.550003,68.739998,65.199997,67.650002,67.650002,1140300
2018-05-16,67.800003,69.699997,67.250000,67.550003,67.550003,907900
2018-05-17,67.050003,68.199997,65.300003,66.599998,66.599998,788700
2018-05-18,66.099998,67.000000,65.750000,66.449997,66.449997,462100
2018-05-21,67.250000,67.940002,66.050003,67.250000,67.250000,693500
2018-05-22,67.849998,68.250000,66.250000,66.349998,66.349998,634800
2018-05-23,65.949997,66.099998,60.500000,61.650002,61.650002,2396200
2018-05-24,61.599998,61.750000,54.599998,56.450001,56.450001,4076100
2018-05-25,56.849998,60.099998,55.224998,58.950001,58.950001,2364000
2018-05-29,58.950001,60.549999,58.275002,60.200001,60.200001,1211200
2018-05-30,60.450001,61.000000,56.799999,58.650002,58.650002,1723200
2018-05-31,59.200001,60.250000,55.549999,55.849998,55.849998,1496100
2018-06-01,56.200001,56.740002,54.150002,54.700001,54.700001,1840500
2018-06-04,54.750000,56.299999,54.330002,56.000000,56.000000,1713700
2018-06-05,56.049999,56.939999,51.799999,53.250000,53.250000,2916700
2018-06-06,53.250000,54.250000,51.700001,53.500000,53.500000,2266300
2018-06-07,52.099998,54.000000,52.099998,53.450001,53.450001,1858000
2018-06-08,53.250000,54.150002,53.200001,53.900002,53.900002,1084400
2018-06-11,54.450001,55.200001,52.849998,52.900002,52.900002,1365900
2018-06-12,53.000000,53.250000,51.349998,51.650002,51.650002,1557400
2018-06-13,51.500000,53.049999,50.549999,51.549999,51.549999,1164400
2018-06-14,51.750000,52.900002,50.900002,51.200001,51.200001,1223100
2018-06-15,50.799999,50.974998,46.599998,47.450001,47.450001,3602300
2018-06-18,46.599998,50.099998,45.849998,47.700001,47.700001,1757800
2018-06-19,46.849998,49.549999,46.799999,49.250000,49.250000,1386600
2018-06-20,50.349998,52.000000,48.799999,50.950001,50.950001,1702100
2018-06-21,50.900002,52.125999,49.299999,50.250000,50.250000,1045400
2018-06-22,50.400002,50.575001,48.099998,50.049999,50.049999,673800
2018-06-25,49.599998,49.849998,47.500000,49.200001,49.200001,1151500
2018-06-26,49.200001,49.700001,47.950001,48.099998,48.099998,877500
2018-06-27,48.049999,49.650002,46.375000,46.450001,46.450001,766300
2018-06-28,46.349998,49.900002,46.049999,49.500000,49.500000,1107800
2018-06-29,49.700001,50.450001,47.599998,47.849998,47.849998,1240600
2018-07-02,47.200001,50.950001,46.549999,50.799999,50.799999,1295600
2018-07-03,51.000000,51.900002,48.549999,49.950001,49.950001,618800
2018-07-05,50.299999,51.299999,49.650002,51.200001,51.200001,749900
2018-07-06,51.150002,54.000000,50.750000,53.650002,53.650002,1049800
2018-07-09,54.599998,55.000000,52.099998,54.299999,54.299999,916200
2018-07-10,54.650002,54.650002,52.750000,53.000000,53.000000,610900
2018-07-11,52.250000,52.599998,50.900002,51.900002,51.900002,769900
2018-07-12,52.049999,53.340000,52.000000,52.900002,52.900002,462500
2018-07-13,53.200001,54.450001,52.549999,54.400002,54.400002,492200
2018-07-16,54.650002,55.450001,53.849998,54.400002,54.400002,619000
2018-07-17,54.500000,55.250000,54.099998,54.900002,54.900002,447700
2018-07-18,55.000000,55.099998,53.450001,54.299999,54.299999,402100
2018-07-19,54.200001,54.478001,53.450001,54.299999,54.299999,488600
2018-07-20,54.450001,55.090000,53.400002,53.650002,53.650002,440300
2018-07-23,53.500000,54.424999,53.400002,54.000000,54.000000,403100
2018-07-24,54.200001,54.849998,53.049999,53.549999,53.549999,610300
2018-07-25,53.750000,58.000000,53.450001,57.849998,57.849998,1232900
2018-07-26,57.099998,57.700001,54.349998,54.950001,54.950001,1399400
2018-07-27,54.450001,54.500000,51.700001,53.950001,53.950001,1094000
2018-07-30,54.250000,54.400002,52.200001,53.000000,53.000000,840100
2018-07-31,53.000000,54.049999,52.450001,53.250000,53.250000,567400
2018-08-01,53.450001,56.700001,53.049999,56.250000,56.250000,1055900
2018-08-02,56.000000,57.599998,54.299999,56.299999,56.299999,1647100
2018-08-03,50.500000,51.200001,46.400002,48.450001,48.450001,5559400
2018-08-06,48.349998,50.049999,48.349998,49.650002,49.650002,1076100
2018-08-07,50.000000,50.250000,46.849998,46.950001,46.950001,1177100
2018-08-08,47.049999,48.275002,47.049999,48.150002,48.150002,701800
2018-08-09,48.049999,48.950001,46.500000,46.849998,46.849998,797200
2018-08-10,48.049999,48.049999,45.360001,46.250000,46.250000,969800
2018-08-13,46.549999,47.750000,45.775002,45.849998,45.849998,727600
2018-08-14,45.900002,46.424999,44.099998,45.750000,45.750000,852400
2018-08-15,45.500000,45.549999,43.599998,44.900002,44.900002,878500
2018-08-16,45.450001,46.400002,45.049999,45.900002,45.900002,699100
2018-08-17,45.900002,46.099998,44.849998,45.650002,45.650002,697000
2018-08-20,45.849998,47.150002,45.250000,47.000000,47.000000,745100
2018-08-21,47.349998,48.500000,46.950001,47.349998,47.349998,596000
2018-08-22,47.150002,47.925999,46.700001,47.150002,47.150002,419600
2018-08-23,47.200001,47.900002,46.700001,47.099998,47.099998,483500
2018-08-24,47.049999,47.849998,46.900002,47.775002,47.775002,459100
2018-08-27,47.799999,48.000000,47.000000,47.200001,47.200001,409500
2018-08-28,47.200001,48.250000,46.090000,47.849998,47.849998,845200
2018-08-29,48.250000,48.849998,47.674999,48.099998,48.099998,516600
2018-08-30,48.150002,48.540001,47.549999,47.900002,47.900002,375000
2018-08-31,47.650002,48.150002,46.650002,47.950001,47.950001,606100
2018-09-04,47.500000,48.189999,46.599998,47.900002,47.900002,722400
2018-09-05,47.700001,47.849998,45.849998,47.299999,47.299999,571300
2018-09-06,47.049999,47.299999,45.549999,45.549999,45.549999,659100
2018-09-07,45.250000,45.450001,42.549999,42.700001,42.700001,1490400
2018-09-10,42.849998,43.450001,41.099998,42.250000,42.250000,1197300
2018-09-11,42.099998,43.299999,41.700001,43.049999,43.049999,504100
2018-09-12,43.150002,43.500000,42.650002,43.299999,43.299999,485400
2018-09-13,43.500000,45.200001,43.500000,43.750000,43.750000,569300
2018-09-14,43.799999,44.549999,42.049999,42.150002,42.150002,742900
2018-09-17,42.500000,43.355000,41.299999,42.099998,42.099998,825100
2018-09-18,42.000000,43.150002,41.650002,42.049999,42.049999,690300
2018-09-19,41.549999,41.849998,38.049999,40.750000,40.750000,1629900
2018-09-20,41.200001,42.875000,41.200001,42.750000,42.750000,1126500
2018-09-21,42.799999,44.150002,42.099998,42.599998,42.599998,1913700
2018-09-24,42.000000,42.799999,41.200001,42.400002,42.400002,389700
2018-09-25,42.099998,42.750000,40.750000,40.799999,40.799999,785900
2018-09-26,41.200001,41.599998,39.474998,39.950001,39.950001,992900
2018-09-27,39.500000,39.500000,37.349998,38.000000,38.000000,2109500
2018-09-28,38.000000,38.549999,36.849998,37.650002,37.650002,1009100
2018-10-01,38.169998,38.275002,37.299999,37.900002,37.900002,681300
2018-10-02,37.639999,40.660000,37.639999,40.299999,40.299999,1576500
2018-10-03,40.549999,40.740002,39.279999,39.680000,39.680000,1050100
2018-10-04,39.500000,39.720001,38.799999,39.049999,39.049999,879800
2018-10-05,39.209999,39.209999,37.501999,37.980000,37.980000,597100
2018-10-08,37.970001,39.630001,37.580002,39.529999,39.529999,1061500
2018-10-09,39.470001,39.849998,38.610001,38.799999,38.799999,875100
2018-10-10,38.410000,38.709999,37.150002,37.770000,37.770000,1130100
2018-10-11,37.689999,39.039001,37.009998,37.029999,37.029999,1131100
2018-10-12,38.040001,39.700001,37.500000,39.389999,39.389999,1219900
2018-10-15,39.389999,41.029999,39.389999,40.520000,40.520000,993700
2018-10-16,41.320000,42.270000,40.840000,42.259998,42.259998,863600
2018-10-17,42.500000,42.722000,40.680000,41.790001,41.790001,675400
2018-10-18,42.029999,42.544998,40.000000,40.139999,40.139999,557100
2018-10-19,40.200001,40.650002,39.279999,40.270000,40.270000,926000
2018-10-22,40.150002,40.619999,39.500000,40.509998,40.509998,409100
2018-10-23,39.290001,40.250000,37.680000,39.840000,39.840000,853000
2018-10-24,39.660000,39.893002,36.660000,36.709999,36.709999,1004800
2018-10-25,36.639999,37.250000,36.119999,36.630001,36.630001,1147100
2018-10-26,36.000000,37.610001,35.115002,36.669998,36.669998,1067400
2018-10-29,37.349998,38.037998,36.259998,37.240002,37.240002,1180900
2018-10-30,37.029999,38.040001,36.130001,38.009998,38.009998,793900
2018-10-31,38.470001,39.130001,37.639999,38.730000,38.730000,1011700
2018-11-01,39.160000,41.150002,38.520000,41.029999,41.029999,1599900
2018-11-02,41.099998,41.558998,35.894001,37.750000,37.750000,4353200
2018-11-05,38.040001,40.820000,37.827999,39.095001,39.095001,1914200
2018-11-06,38.709999,39.119999,37.099998,37.619999,37.619999,1148900
2018-11-07,38.000000,39.200001,37.669998,38.750000,38.750000,1079700
2018-11-08,38.759998,39.410000,37.650002,37.759998,37.759998,627100
2018-11-09,37.520000,38.040001,36.630001,37.430000,37.430000,555700
2018-11-12,37.110001,37.430000,35.130001,35.189999,35.189999,887400
2018-11-13,35.509998,36.299999,34.790001,36.279999,36.279999,1216300
2018-11-14,36.560001,37.799999,36.560001,37.430000,37.430000,799400
2018-11-15,37.470001,38.320000,36.669998,38.240002,38.240002,741200
2018-11-16,37.740002,38.799999,37.740002,38.599998,38.599998,494500
2018-11-19,38.580002,39.060001,38.119999,38.509998,38.509998,517300
2018-11-20,37.430000,38.080002,36.840000,37.290001,37.290001,464400
2018-11-21,37.790001,38.720001,37.480000,38.080002,38.080002,516400
2018-11-23,37.740002,40.139999,37.650002,39.980000,39.980000,541500
2018-11-26,39.619999,40.799999,39.525002,40.020000,40.020000,865200
2018-11-27,39.900002,39.990002,39.139999,39.590000,39.590000,404800
2018-11-28,40.000000,42.900002,40.000000,42.610001,42.610001,900300
2018-11-29,42.599998,42.750000,41.310001,41.880001,41.880001,377500
2018-11-30,41.040001,41.279999,38.290001,38.930000,38.930000,1171600
2018-12-03,39.959999,40.080002,38.580002,39.900002,39.900002,851400
2018-12-04,39.889999,40.450001,38.259998,38.540001,38.540001,607300
2018-12-06,38.000000,41.645000,37.680000,40.380001,40.380001,1717100
2018-12-07,39.799999,40.217999,37.779999,38.029999,38.029999,889700
2018-12-10,37.790001,39.119999,37.790001,38.730000,38.730000,409600
2018-12-11,39.150002,39.919998,38.660000,38.950001,38.950001,519200
2018-12-12,39.299999,39.351002,38.200001,38.759998,38.759998,406500
2018-12-13,39.009998,39.049000,38.099998,38.529999,38.529999,307800
2018-12-14,38.020000,38.820000,37.650002,38.330002,38.330002,231500
2018-12-17,38.220001,38.540001,36.860001,37.410000,37.410000,387600
2018-12-18,37.820000,38.259998,35.930000,36.740002,36.740002,704100
2018-12-19,36.740002,37.130001,35.470001,36.130001,36.130001,491800
2018-12-20,35.869999,36.490002,34.049999,35.160000,35.160000,529000
2018-12-21,35.299999,35.500000,33.180000,34.459999,34.459999,1355400
2018-12-24,33.980000,34.040001,32.424999,33.410000,33.410000,594500
2018-12-26,33.549999,35.419998,33.122002,35.290001,35.290001,578000
2018-12-27,34.580002,35.250000,33.500000,34.980000,34.980000,356000
2018-12-28,35.279999,35.410000,34.009998,34.869999,34.869999,470900
2018-12-31,34.889999,35.200001,33.880001,35.099998,35.099998,517900
2019-01-02,34.410000,36.445000,34.349998,36.150002,36.150002,534100
2019-01-03,35.680000,37.068001,35.500000,35.500000,35.500000,871700
2019-01-04,35.910000,37.380001,35.220001,37.250000,37.250000,1008300
2019-01-07,37.200001,37.200001,34.919998,35.009998,35.009998,1147600
2019-01-08,35.360001,35.737000,34.049999,35.000000,35.000000,761500
2019-01-09,35.290001,36.384998,35.110001,35.459999,35.459999,863000
2019-01-10,35.270000,36.880001,35.000000,35.990002,35.990002,738700
2019-01-11,35.930000,36.860001,35.730000,36.400002,36.400002,769900
2019-01-14,36.090000,36.910000,35.500000,36.500000,36.500000,454600
2019-01-15,36.619999,37.169998,36.540001,36.689999,36.689999,393200
2019-01-16,36.700001,37.689999,36.610001,37.349998,37.349998,531300
2019-01-17,35.770000,37.750000,35.560001,37.570000,37.570000,1600300
2019-01-18,37.950001,38.200001,37.000000,37.180000,37.180000,422800
2019-01-22,37.099998,37.480000,36.430000,36.959999,36.959999,349500
2019-01-23,37.090000,38.119999,36.990002,38.029999,38.029999,727300
2019-01-24,38.250000,40.450001,38.110001,40.240002,40.240002,1223200
2019-01-25,40.599998,41.900002,39.439999,40.849998,40.849998,638700
2019-01-28,41.299999,42.660000,40.160999,42.150002,42.150002,771200
2019-01-29,42.279999,42.799999,41.930000,42.000000,42.000000,676600
2019-01-30,42.290001,43.238998,41.650002,42.250000,42.250000,406700
2019-01-31,42.849998,43.869999,42.599998,43.790001,43.790001,896800
2019-02-01,43.790001,43.790001,43.020000,43.070000,43.070000,536500
2019-02-04,43.250000,44.119999,42.900002,44.110001,44.110001,365500
2019-02-05,44.169998,44.639999,43.910000,44.470001,44.470001,491300
2019-02-06,44.700001,45.180000,43.869999,43.959999,43.959999,453400
2019-02-07,43.480000,43.779999,42.470001,42.930000,42.930000,513600
2019-02-08,42.720001,43.799999,42.720001,43.480000,43.480000,315000
2019-02-11,43.509998,44.200001,43.500000,44.040001,44.040001,414800
2019-02-12,44.209999,44.540001,42.639999,42.840000,42.840000,501500
2019-02-13,43.000000,44.310001,42.840000,44.230000,44.230000,414100
2019-02-14,44.000000,45.070000,43.937000,44.560001,44.560001,583400
2019-02-15,44.480000,44.596001,43.160000,43.299999,43.299999,684400
2019-02-19,43.490002,43.605999,42.430000,43.320000,43.320000,755900
2019-02-20,43.480000,44.314999,40.799999,41.500000,41.500000,1613400
2019-02-21,43.299999,45.320000,41.000000,42.110001,42.110001,2550500
2019-02-22,42.119999,42.160000,39.200001,41.700001,41.700001,1130800
2019-02-25,42.200001,42.840000,40.290001,40.360001,40.360001,850000
2019-02-26,40.290001,41.049999,39.750000,40.880001,40.880001,695000
2019-02-27,40.860001,42.439999,40.139999,42.340000,42.340000,568600
2019-02-28,42.090000,42.455002,41.389999,42.259998,42.259998,622200
2019-03-01,42.500000,43.200001,41.290001,41.340000,41.340000,645200
2019-03-04,41.419998,41.919998,40.849998,41.549999,41.549999,488000
2019-03-05,41.540001,42.119999,41.150002,41.299999,41.299999,352600
2019-03-06,41.209999,41.259998,39.840000,40.380001,40.380001,684800
2019-03-07,40.180000,40.459999,39.200001,39.360001,39.360001,747800
2019-03-08,39.099998,39.380001,38.650002,39.279999,39.279999,448200
2019-03-11,39.340000,40.310001,39.340000,39.889999,39.889999,423100
2019-03-12,39.880001,40.450001,38.860001,39.310001,39.310001,993500
2019-03-13,39.619999,40.139999,39.174999,39.900002,39.900002,539000
2019-03-14,39.910000,40.700001,39.490002,39.730000,39.730000,557400
2019-03-15,39.990002,40.369999,39.750000,39.930000,39.930000,727600
2019-03-18,39.919998,39.980000,39.230000,39.689999,39.689999,426500
2019-03-19,39.790001,39.869999,39.360001,39.480000,39.480000,299600
2019-03-20,39.480000,39.919998,38.831001,39.240002,39.240002,247800
2019-03-21,39.009998,39.470001,38.755001,38.840000,38.840000,467400
2019-03-22,38.549999,38.750000,37.000000,37.119999,37.119999,872700
2019-03-25,37.049999,37.450001,36.630001,37.330002,37.330002,421300
2019-03-26,37.160000,37.700001,36.459999,36.680000,36.680000,394700
2019-03-27,36.830002,37.020000,36.279999,36.790001,36.790001,397300
2019-03-28,36.790001,37.759998,36.294998,37.759998,37.759998,781000
2019-03-29,37.779999,38.369999,37.500000,37.680000,37.680000,521600
2019-04-01,38.200001,38.415001,37.790001,37.849998,37.849998,471300
2019-04-02,37.970001,38.689999,37.599998,38.200001,38.200001,614100
2019-04-03,38.439999,39.029999,38.285000,38.660000,38.660000,460100
2019-04-04,38.689999,40.119999,38.680000,40.110001,40.110001,594500
2019-04-05,40.349998,41.020000,40.078999,40.720001,40.720001,428000
2019-04-08,40.630001,41.450001,40.403999,41.439999,41.439999,386900
2019-04-09,41.209999,41.830002,40.560001,40.650002,40.650002,361000
2019-04-10,40.889999,41.349998,40.570000,41.270000,41.270000,421700
2019-04-11,41.500000,41.818001,40.459999,40.619999,40.619999,265100
2019-04-12,40.660000,41.330002,40.544998,40.990002,40.990002,323300
2019-04-15,41.099998,41.849998,40.555000,41.430000,41.430000,396600
2019-04-16,41.740002,42.770000,41.490002,42.540001,42.540001,275400
2019-04-17,42.990002,43.880001,42.723000,43.080002,43.080002,645200
2019-04-18,43.380001,43.660000,42.950001,43.040001,43.040001,560400
2019-04-22,42.860001,43.250000,42.737999,43.200001,43.200001,200400
2019-04-23,43.400002,44.790001,43.222000,44.310001,44.310001,568400
2019-04-24,44.590000,45.599998,44.360001,44.790001,44.790001,461300
2019-04-25,45.009998,46.720001,45.009998,45.919998,45.919998,432500
2019-04-26,45.779999,46.250000,44.740002,45.970001,45.970001,309100
2019-04-29,46.000000,46.060001,45.029999,45.189999,45.189999,560200
2019-04-30,44.380001,45.151001,43.669998,44.299999,44.299999,496900
2019-05-01,44.900002,45.939999,44.119999,44.139999,44.139999,1157200
2019-05-02,44.000000,44.209999,43.349998,43.759998,43.759998,591900
2019-05-03,44.270000,44.970001,44.150002,44.560001,44.560001,507800
2019-05-06,43.740002,44.200001,43.099998,43.880001,43.880001,832600
2019-05-07,50.459999,54.500000,50.243999,53.840000,53.840000,6018100
2019-05-08,53.400002,53.799999,51.259998,51.849998,51.849998,1623300
2019-05-09,51.459999,51.750000,50.549999,51.490002,51.490002,936300
2019-05-10,51.189999,53.410000,50.959999,53.009998,53.009998,972400
2019-05-13,51.500000,52.000000,49.580002,50.000000,50.000000,793200
2019-05-14,50.320000,51.400002,50.250000,50.939999,50.939999,751200
2019-05-15,50.799999,52.849998,50.639999,52.380001,52.380001,837400
2019-05-16,52.500000,55.820000,52.400002,55.299999,55.299999,983800
2019-05-17,54.740002,56.950001,54.520000,55.590000,55.590000,1064600
2019-05-20,55.279999,55.930000,54.235001,54.700001,54.700001,727400
2019-05-21,55.220001,55.500000,54.250000,54.799999,54.799999,400900
2019-05-22,54.500000,55.577000,54.320000,54.959999,54.959999,289800
2019-05-23,54.369999,54.955002,53.000000,53.470001,53.470001,475300
2019-05-24,53.509998,54.259998,53.099998,53.610001,53.610001,348100
2019-05-28,54.160000,55.529999,53.830002,55.380001,55.380001,447900
2019-05-29,54.919998,54.939999,53.369999,53.790001,53.790001,344600
2019-05-30,53.990002,55.299999,53.950001,54.630001,54.630001,298700
2019-05-31,54.070000,54.455002,53.130001,53.580002,53.580002,529700
2019-06-03,53.290001,53.650002,52.029999,53.259998,53.259998,578600
2019-06-04,53.580002,54.939999,53.450001,54.650002,54.650002,307900
2019-06-05,54.830002,55.244999,54.330002,55.160000,55.160000,425700
2019-06-06,55.029999,56.500000,54.750000,56.009998,56.009998,544900
2019-06-07,55.900002,57.136002,55.490002,56.320000,56.320000,339900
2019-06-10,56.450001,57.880001,56.450001,56.830002,56.830002,364700
2019-06-11,57.049999,57.459999,56.009998,57.000000,57.000000,356200
2019-06-12,56.900002,56.990002,54.570000,54.820000,54.820000,443600
2019-06-13,55.080002,57.974998,55.080002,57.880001,57.880001,668400
2019-06-14,57.750000,58.169998,55.794998,56.490002,56.490002,559500
2019-06-17,56.439999,57.150002,55.689999,56.590000,56.590000,256000
2019-06-18,58.189999,60.959999,57.713001,58.560001,58.560001,1305200
2019-06-19,59.040001,59.529999,57.380001,59.200001,59.200001,630500
2019-06-20,60.000000,60.669998,58.889999,59.680000,59.680000,498900
2019-06-21,59.529999,59.730000,58.150002,59.400002,59.400002,531000
2019-06-24,60.020000,61.660000,60.009998,60.540001,60.540001,853100
2019-06-25,60.299999,60.939999,58.840000,59.220001,59.220001,660500
2019-06-26,60.910000,61.889999,59.490002,59.619999,59.619999,587400
2019-06-27,59.700001,61.645000,59.570000,61.060001,61.060001,733200
2019-06-28,60.720001,62.700001,60.720001,62.459999,62.459999,649000
2019-07-01,63.220001,64.209999,61.970001,62.299999,62.299999,655200
2019-07-02,62.470001,63.250000,61.360001,62.840000,62.840000,284900
2019-07-03,62.700001,63.320000,62.279999,62.299999,62.299999,168000
2019-07-05,62.029999,63.200001,62.025002,63.150002,63.150002,251700
2019-07-08,63.040001,63.099998,61.230000,62.529999,62.529999,345900
2019-07-09,61.860001,62.980000,61.665001,62.270000,62.270000,298500
2019-07-10,62.790001,63.419998,62.049999,62.290001,62.290001,335700
2019-07-11,62.299999,62.720001,59.845001,60.759998,60.759998,520000
2019-07-12,61.480000,62.540001,61.275002,62.119999,62.119999,417500
2019-07-15,62.230000,62.400002,60.220001,61.830002,61.830002,332800
2019-07-16,61.650002,61.705002,60.650002,61.400002,61.400002,204000
2019-07-17,61.500000,62.500000,61.049999,62.360001,62.360001,285300
2019-07-18,62.000000,63.000000,61.900002,62.639999,62.639999,521800
2019-07-19,63.000000,63.830002,62.790001,63.369999,63.369999,383300
2019-07-22,63.480000,64.190002,62.335999,63.060001,63.060001,473200
2019-07-23,63.700001,63.730000,61.493999,62.450001,62.450001,328700
2019-07-24,62.540001,62.779999,61.555000,62.500000,62.500000,376600
2019-07-25,62.490002,63.770000,61.860001,63.080002,63.080002,411100
2019-07-26,63.610001,63.790001,63.029999,63.259998,63.259998,193000
2019-07-29,63.509998,64.540001,63.009998,64.330002,64.330002,438700
2019-07-30,63.799999,64.209999,63.060001,63.400002,63.400002,332500
2019-07-31,65.169998,67.190002,63.492001,65.230003,65.230003,1459500
2019-08-01,66.589996,69.000000,65.800003,66.489998,66.489998,1218200
2019-08-02,66.720001,66.800003,64.089996,64.980003,64.980003,845500
2019-08-05,64.110001,64.500000,60.930000,62.910000,62.910000,1169600
2019-08-06,63.560001,65.830002,62.369999,64.180000,64.180000,1211400
2019-08-07,75.989998,81.000000,74.860001,80.300003,80.300003,5565700
2019-08-08,78.650002,81.120003,76.199997,80.820000,80.820000,1478100
2019-08-09,79.169998,84.610001,79.029999,82.330002,82.330002,1535200
2019-08-12,81.110001,88.239998,81.110001,86.629997,86.629997,2206000
2019-08-13,86.830002,89.430000,86.125000,87.779999,87.779999,1440500
2019-08-14,87.029999,87.699997,84.669998,84.690002,84.690002,1325700
2019-08-15,84.300003,84.440002,78.809998,82.080002,82.080002,1487900
2019-08-16,82.250000,84.349998,81.610001,83.800003,83.800003,1060400
2019-08-19,85.000000,85.599998,83.150002,84.120003,84.120003,747200
2019-08-20,84.489998,85.260002,83.010002,84.709999,84.709999,669800
2019-08-21,86.339996,88.959999,85.489998,87.849998,87.849998,1349100
2019-08-22,81.849998,82.800003,79.320000,82.040001,82.040001,2275400
2019-08-23,81.650002,82.620003,78.790001,80.900002,80.900002,935900
2019-08-26,81.879997,83.860001,80.040001,82.379997,82.379997,637900
2019-08-27,82.980003,84.019997,81.410004,81.839996,81.839996,534800
2019-08-28,81.830002,83.620003,81.209999,82.639999,82.639999,382700
2019-08-29,83.699997,84.809998,80.550003,83.360001,83.360001,898200
2019-08-30,83.959999,84.300003,80.309998,81.919998,81.919998,457200
2019-09-03,80.940002,81.900002,77.440002,77.540001,77.540001,971600
2019-09-04,78.989998,82.949997,78.519997,82.889999,82.889999,1176100
2019-09-05,83.790001,84.260002,77.790001,78.599998,78.599998,1130800
2019-09-06,79.099998,79.349998,76.889999,77.260002,77.260002,839900
2019-09-09,77.199997,77.739998,73.150002,74.160004,74.160004,1315400
2019-09-10,73.639999,76.290001,72.500000,75.120003,75.120003,1410000
2019-09-11,75.129997,80.055000,74.919998,79.430000,79.430000,931100
2019-09-12,80.279999,81.154999,70.875000,71.639999,71.639999,3773500
2019-09-13,71.550003,76.650002,71.550003,76.120003,76.120003,1531900
2019-09-16,76.510002,80.660004,76.400002,79.309998,79.309998,1539200
2019-09-17,79.400002,83.205002,79.400002,83.059998,83.059998,1334100
2019-09-18,83.150002,83.489998,80.440002,83.040001,83.040001,841300
2019-09-19,83.440002,90.449997,83.199997,89.419998,89.419998,3501400
2019-09-20,90.260002,91.419998,85.900002,89.410004,89.410004,2232700
2019-09-23,89.099998,90.370003,87.330002,89.870003,89.870003,1041800
2019-09-24,90.110001,91.448997,84.919998,86.760002,86.760002,1341700
2019-09-25,86.220001,88.720001,84.870003,88.300003,88.300003,690600
2019-09-26,88.709999,89.528999,84.970001,85.349998,85.349998,666400
2019-09-27,85.510002,86.190002,81.089996,82.080002,82.080002,1201700
2019-09-30,82.320000,84.720001,81.214996,83.720001,83.720001,603300
2019-10-01,84.269997,84.915001,82.720001,83.150002,83.150002,629300
2019-10-02,82.430000,83.040001,80.309998,81.120003,81.120003,694400
2019-10-03,81.169998,82.055000,78.425003,81.000000,81.000000,689000
2019-10-04,81.910004,85.519997,81.345001,85.500000,85.500000,802900
2019-10-07,86.089996,86.959000,83.589996,85.510002,85.510002,735500
2019-10-08,84.690002,88.510002,84.500000,87.220001,87.220001,732800
2019-10-09,87.690002,87.790001,83.540001,85.550003,85.550003,765200
2019-10-10,85.610001,90.000000,85.539001,88.389999,88.389999,647000
2019-10-11,88.879997,90.055000,88.010002,88.949997,88.949997,774200
2019-10-14,89.500000,90.500000,88.370003,89.105003,89.105003,523600
2019-10-15,85.800003,87.489998,83.339996,84.800003,84.800003,2083900
2019-10-16,84.169998,84.629997,82.919998,83.879997,83.879997,1072800
2019-10-17,84.010002,85.550003,82.680000,83.620003,83.620003,9443000
2019-10-18,84.199997,86.680000,84.050003,85.169998,85.169998,1371500
2019-10-21,85.379997,88.415001,85.010002,87.269997,87.269997,753300
2019-10-22,87.400002,89.290001,85.089996,86.809998,86.809998,913300
2019-10-23,87.089996,92.599998,86.970001,91.500000,91.500000,1514500
2019-10-24,92.120003,95.000000,91.129997,93.500000,93.500000,1666600
2019-10-25,92.879997,93.309998,88.269997,93.199997,93.199997,1124800
2019-10-28,93.760002,96.688004,93.029999,93.320000,93.320000,933800
2019-10-29,93.809998,94.921997,91.849998,92.080002,92.080002,777000
2019-10-30,89.580002,90.205002,82.699997,84.820000,84.820000,2521900
2019-10-31,85.510002,86.809998,83.419998,84.959999,84.959999,941700
2019-11-01,85.370003,85.748001,82.120003,83.190002,83.190002,933900
2019-11-04,84.849998,85.000000,79.150002,79.599998,79.599998,1963000
2019-11-05,77.519997,83.565002,77.489998,83.269997,83.269997,1711400
2019-11-06,83.779999,85.000000,79.680000,79.910004,79.910004,2397800
2019-11-07,78.190002,84.089996,75.110001,79.900002,79.900002,4549400
2019-11-08,79.900002,80.570000,76.309998,77.949997,77.949997,1456600
2019-11-11,78.430000,82.000000,77.650002,81.070000,81.070000,1352200
2019-11-12,81.309998,82.669998,79.849998,80.750000,80.750000,904500
2019-11-13,80.580002,80.699997,77.160004,77.279999,77.279999,1366500
2019-11-14,77.389999,78.849998,76.330002,78.239998,78.239998,1494500
2019-11-15,78.459999,81.000000,78.459999,78.959999,78.959999,822200
2019-11-18,78.800003,78.800003,76.460999,76.790001,76.790001,903000
2019-11-19,77.500000,79.144997,75.260002,79.019997,79.019997,1014600
2019-11-20,79.000000,80.070000,77.606003,78.309998,78.309998,845800
2019-11-21,78.360001,79.239998,76.410004,76.980003,76.980003,1018900
2019-11-22,77.550003,77.760002,74.070000,76.370003,76.370003,1232800
2019-11-25,77.000000,81.199997,76.795998,80.160004,80.160004,1348700
2019-11-26,80.440002,81.000000,78.430000,78.910004,78.910004,998600
2019-11-27,79.709999,83.349998,79.180000,82.389999,82.389999,816900
2019-11-29,82.500000,82.889999,80.029999,81.610001,81.610001,467400
2019-12-02,83.000000,83.400002,80.169998,81.720001,81.720001,731800
2019-12-03,80.820000,88.250000,79.500000,88.040001,88.040001,1555200
2019-12-04,88.500000,89.266998,85.120003,86.540001,86.540001,1681500
2019-12-05,86.519997,87.930000,82.610001,82.889999,82.889999,2053900
2019-12-06,83.430000,85.676003,82.779999,83.930000,83.930000,1290800
2019-12-09,83.570000,85.059998,82.050003,82.839996,82.839996,935600
2019-12-10,82.699997,82.989998,79.550003,81.480003,81.480003,763600
2019-12-11,81.559998,84.150002,81.529999,83.510002,83.510002,789600
2019-12-12,83.529999,87.599998,82.769997,87.300003,87.300003,1236800
2019-12-13,86.820000,90.989998,86.160004,90.169998,90.169998,1364900
2019-12-16,90.160004,94.056999,89.559998,92.790001,92.790001,6128000
2019-12-17,92.160004,93.949997,90.860001,91.440002,91.440002,1350300
2019-12-18,91.680000,93.043999,90.570000,91.860001,91.860001,1057900
2019-12-19,91.589996,94.540001,91.010002,93.779999,93.779999,1464400
2019-12-20,94.000000,96.639999,93.559998,95.000000,95.000000,1399100
2019-12-23,95.699997,95.699997,92.900002,94.180000,94.180000,845000
2019-12-24,94.889999,95.500000,93.309998,95.199997,95.199997,187300
2019-12-26,95.550003,96.239998,94.510002,95.559998,95.559998,551700
2019-12-27,95.570000,95.949997,93.910004,94.260002,94.260002,346000
2019-12-30,94.660004,94.989998,92.019997,94.000000,94.000000,539300
2019-12-31,93.900002,96.000000,93.779999,95.089996,95.089996,554700
2020-01-02,97.000000,101.879997,96.750000,101.809998,101.809998,2154800
2020-01-03,100.839996,103.599998,100.019997,102.379997,102.379997,1016500
2020-01-06,101.370003,101.879997,98.635002,99.629997,99.629997,970800
2020-01-07,100.000000,102.029999,97.699997,101.790001,101.790001,834900
2020-01-08,101.190002,105.680000,101.190002,104.160004,104.160004,1041300
2020-01-09,105.400002,105.599998,101.230003,102.739998,102.739998,1030600
2020-01-10,103.230003,106.110001,103.099998,104.519997,104.519997,1119000
2020-01-13,105.110001,106.139999,102.720001,103.080002,103.080002,875000
2020-01-14,103.370003,104.620003,101.010002,104.019997,104.019997,741400
2020-01-15,104.389999,105.500000,102.864998,103.610001,103.610001,558400
2020-01-16,104.320000,104.989998,100.419998,102.699997,102.699997,1121500
2020-01-17,102.900002,105.599998,102.099998,104.750000,104.750000,652700
2020-01-21,105.070000,108.809998,103.910004,107.529999,107.529999,1102600
2020-01-22,108.349998,108.949997,106.550003,108.459999,108.459999,639000
2020-01-23,108.389999,110.824997,106.779999,108.730003,108.730003,768500
2020-01-24,109.989998,112.989998,109.410004,110.129997,110.129997,950000
2020-01-27,105.000000,105.000000,96.000000,96.250000,96.250000,2811700
2020-01-28,99.260002,103.870003,97.669998,103.360001,103.360001,1484700
2020-01-29,103.750000,105.400002,102.290001,102.709999,102.709999,1152500
2020-01-30,102.010002,103.699997,100.349998,103.220001,103.220001,786100
2020-01-31,103.019997,103.050003,96.500000,97.860001,97.860001,1086200
2020-02-03,98.160004,101.860001,97.660004,100.980003,100.980003,1018300
2020-02-04,102.800003,108.139999,102.444000,107.809998,107.809998,1217900
2020-02-05,109.820000,109.900002,101.529999,104.470001,104.470001,1133600
2020-02-06,104.500000,106.000000,102.254997,103.940002,103.940002,737700
2020-02-07,102.949997,103.449997,99.779999,100.620003,100.620003,576000
2020-02-10,100.620003,103.599998,100.000000,102.599998,102.599998,846900
2020-02-11,102.900002,107.320000,102.709999,106.029999,106.029999,1034800
2020-02-12,107.959999,112.269997,107.415001,111.860001,111.860001,912000
2020-02-13,109.629997,113.199997,108.690002,111.160004,111.160004,1197600
2020-02-14,112.260002,113.019997,110.239998,111.209999,111.209999,845700
2020-02-18,111.459999,111.500000,106.559998,108.379997,108.379997,1156600
2020-02-19,114.959999,128.800003,114.264999,127.820000,127.820000,4884800
2020-02-20,138.250000,143.729996,128.119995,142.199997,142.199997,6533800
2020-02-21,140.270004,142.494995,135.050003,142.070007,142.070007,2458900
2020-02-24,131.429993,138.869995,129.460007,135.630005,135.630005,2143800
2020-02-25,136.570007,137.990005,132.089996,133.000000,133.000000,1790700
2020-02-26,129.750000,134.490005,128.500000,132.410004,132.410004,2046200
2020-02-27,126.779999,128.500000,116.500000,125.949997,125.949997,3111000
2020-02-28,118.260002,126.199997,116.800003,124.720001,124.720001,2394100
2020-03-02,128.059998,129.000000,121.449997,128.699997,128.699997,1467200
2020-03-03,134.419998,134.518005,126.260002,128.660004,128.660004,1630800
2020-03-04,132.910004,135.949997,130.005005,135.710007,135.710007,880000
2020-03-05,131.190002,138.820007,129.369995,137.539993,137.539993,1147300
2020-03-06,131.429993,135.850006,127.709999,133.339996,133.339996,1432400
2020-03-09,116.919998,119.528000,109.459999,111.660004,111.660004,1822300
2020-03-10,118.120003,118.529999,111.002998,116.919998,116.919998,1112500
2020-03-11,113.389999,115.779999,100.120003,106.110001,106.110001,2090300
2020-03-12,90.839996,97.120003,83.330002,90.720001,90.720001,1919900
2020-03-13,99.750000,102.000000,88.010002,91.110001,91.110001,2088200
2020-03-16,79.480003,85.589996,73.440002,81.190002,81.190002,1571500
2020-03-17,82.019997,88.000000,76.080002,84.709999,84.709999,1814300
2020-03-18,79.480003,82.459999,69.720001,76.730003,76.730003,1513900
2020-03-19,75.580002,81.989998,68.260002,76.809998,76.809998,1965500
2020-03-20,81.889999,83.599998,69.529999,69.610001,69.610001,1971400
2020-03-23,71.220001,73.540001,67.019997,69.480003,69.480003,1492400
2020-03-24,76.675003,86.290001,76.675003,85.309998,85.309998,1852700
2020-03-25,87.879997,94.500000,82.000000,89.900002,89.900002,2198100
2020-03-26,91.330002,95.000000,87.190002,90.449997,90.449997,983700
2020-03-27,86.120003,86.739998,82.000000,82.370003,82.370003,962000
2020-03-30,82.900002,84.980003,80.669998,81.639999,81.639999,1195200
2020-03-31,82.199997,85.330002,80.309998,81.879997,81.879997,1049700
2020-04-01,79.199997,81.000000,78.000000,78.820000,78.820000,889600
2020-04-02,76.089996,79.260002,73.629997,76.970001,76.970001,1124200
2020-04-03,76.000000,77.000000,72.800003,74.480003,74.480003,1161300
2020-04-06,78.360001,85.970001,78.360001,85.150002,85.150002,1166000
2020-04-07,91.168999,94.724998,87.790001,88.800003,88.800003,1418700
2020-04-08,90.739998,93.760002,88.830002,93.070000,93.070000,813200
2020-04-09,95.190002,100.959999,94.050003,96.639999,96.639999,1014400
2020-04-13,96.500000,97.000000,89.269997,92.209999,92.209999,860100
2020-04-14,96.000000,99.790001,94.500000,98.680000,98.680000,757800
2020-04-15,95.300003,95.889999,90.260002,92.010002,92.010002,956300
2020-04-16,94.300003,95.690002,92.500000,94.989998,94.989998,838500
2020-04-17,99.589996,100.849998,95.500000,97.099998,97.099998,1101500
2020-04-20,94.580002,99.540001,93.400002,93.660004,93.660004,809000
2020-04-21,91.720001,94.000000,85.690002,86.690002,86.690002,1250700
2020-04-22,90.000000,96.388000,89.989998,95.510002,95.510002,698300
2020-04-23,97.330002,104.570000,96.669998,100.699997,100.699997,1335300
2020-04-24,101.019997,102.114998,98.000000,100.730003,100.730003,973200
2020-04-27,102.550003,105.500000,101.010002,104.690002,104.690002,761400
2020-04-28,107.889999,111.839996,106.589996,109.790001,109.790001,1057600
2020-04-29,112.190002,122.779999,111.000000,122.419998,122.419998,1604400
2020-04-30,116.860001,120.629997,111.000000,111.589996,111.589996,1108600
2020-05-01,107.120003,110.000000,103.025002,104.959999,104.959999,999300
2020-05-04,103.379997,107.379997,101.190002,107.139999,107.139999,899200
2020-05-05,112.279999,113.849998,107.419998,107.860001,107.860001,1018300
2020-05-06,113.309998,126.889999,112.000000,125.750000,125.750000,2718100
2020-05-07,109.250000,116.879997,105.000000,109.739998,109.739998,3795700
2020-05-08,110.809998,119.820000,109.120003,118.320000,118.320000,1471100
2020-05-11,116.000000,123.199997,114.559998,122.940002,122.940002,1118000
2020-05-12,124.269997,129.179993,120.970001,121.000000,121.000000,1354100
2020-05-13,121.769997,123.470001,113.730003,117.730003,117.730003,1012700
2020-05-14,113.050003,119.669998,112.000000,119.480003,119.480003,894500
2020-05-15,116.089996,121.570000,115.500000,120.440002,120.440002,525800
2020-05-18,127.500000,128.860001,124.349998,128.000000,128.000000,928700
2020-05-19,128.529999,137.250000,127.985001,134.860001,134.860001,1744900
2020-05-20,139.369995,141.449997,134.509995,137.250000,137.250000,1443300
2020-05-21,136.149994,140.300003,132.509995,136.509995,136.509995,1261200
2020-05-22,136.699997,137.500000,129.869995,130.389999,130.389999,638700
2020-05-26,135.500000,138.757996,134.529999,136.539993,136.539993,881800
2020-05-27,137.789993,138.070007,127.220001,137.240005,137.240005,755500
2020-05-28,136.080002,143.289993,132.789993,135.289993,135.289993,746800
2020-05-29,134.759995,142.380005,133.250000,141.899994,141.899994,1010200
2020-06-01,138.710007,151.490005,138.509995,150.699997,150.699997,1198700
2020-06-02,150.250000,152.925003,145.000000,148.970001,148.970001,863600
2020-06-03,150.250000,151.860001,146.500000,150.589996,150.589996,1036000
2020-06-04,149.089996,149.570007,141.050003,142.399994,142.399994,1159500
2020-06-05,146.880005,151.649994,143.320007,148.279999,148.279999,1343200
2020-06-08,150.039993,151.679993,146.520004,150.889999,150.889999,695400
2020-06-09,149.100006,150.910004,145.800003,148.839996,148.839996,572400
2020-06-10,150.050003,150.479996,144.000000,147.369995,147.369995,737700
2020-06-11,139.660004,144.473007,136.820007,138.690002,138.690002,1138500
2020-06-12,145.070007,147.449997,138.699997,142.050003,142.050003,788500
2020-06-15,135.229996,148.839996,135.220001,148.199997,148.199997,744800
2020-06-16,151.639999,156.919998,149.729996,153.100006,153.100006,1030200
2020-06-17,154.000000,154.750000,143.830002,145.270004,145.270004,1587600
2020-06-18,146.029999,151.539993,145.824997,151.000000,151.000000,831800
2020-06-19,152.270004,156.240005,151.309998,153.600006,153.600006,1148400
2020-06-22,153.869995,155.240005,147.899994,152.979996,152.979996,899100
2020-06-23,155.250000,155.889999,150.699997,151.339996,151.339996,637500
2020-06-24,150.000000,153.330002,145.835007,148.479996,148.479996,871800
2020-06-25,144.300003,144.740005,134.070007,137.175003,137.175003,1748300
2020-06-26,138.449997,138.789993,127.190002,129.529999,129.529999,4649900
2020-06-29,129.970001,137.729996,129.929993,137.059998,137.059998,1182700
2020-06-30,136.389999,139.279999,136.005005,138.779999,138.779999,805100
2020-07-01,139.250000,142.490005,135.964996,141.389999,141.389999,802700
2020-07-02,143.809998,144.750000,140.190002,143.110001,143.110001,740800
2020-07-06,146.000000,149.070007,144.839996,148.880005,148.880005,1096400
2020-07-07,148.559998,151.320007,146.330002,146.570007,146.570007,854200
2020-07-08,148.529999,158.000000,147.289993,157.919998,157.919998,1342500
2020-07-09,159.000000,159.548004,150.699997,157.169998,157.169998,793100
2020-07-10,157.029999,159.699997,154.059998,159.440002,159.440002,628100
2020-07-13,160.850006,167.429993,154.289993,154.679993,154.679993,1174200
2020-07-14,153.470001,168.619995,151.750000,168.199997,168.199997,1094500
2020-07-15,170.639999,175.139999,168.119995,174.850006,174.850006,1127200
2020-07-16,169.300003,171.688995,163.190002,164.750000,164.750000,1160700
2020-07-17,166.960007,172.649994,165.000000,171.580002,171.580002,930800
2020-07-20,171.289993,177.220001,171.070007,176.300003,176.300003,999900
2020-07-21,177.500000,178.300003,168.300995,170.380005,170.380005,1179900
2020-07-22,171.619995,178.085007,170.220001,175.649994,175.649994,1287600
2020-07-23,175.009995,181.804993,172.009995,176.289993,176.289993,997400
2020-07-24,172.259995,173.690002,164.117004,171.600006,171.600006,1001900
2020-07-27,175.660004,180.990005,174.009995,180.740005,180.740005,1098000
2020-07-28,178.500000,178.714996,169.699997,170.539993,170.539993,991300
2020-07-29,173.009995,179.899994,171.875000,176.759995,176.759995,781100
2020-07-30,173.830002,176.610001,172.520004,175.259995,175.259995,428900
2020-07-31,177.149994,177.850006,173.235001,175.100006,175.100006,640500
2020-08-03,172.664993,174.475006,162.600006,173.559998,173.559998,1274300
2020-08-04,187.800003,209.386993,187.339996,196.149994,196.149994,3438800
2020-08-05,199.710007,221.250000,195.009995,216.059998,216.059998,2017600
2020-08-06,214.199997,217.589996,201.000000,206.320007,206.320007,1960100
2020-08-07,204.800003,215.350006,204.800003,211.470001,211.470001,999300
2020-08-10,212.500000,218.979996,206.539993,211.500000,211.500000,690400
2020-08-11,211.604996,212.750000,202.860001,204.080002,204.080002,808200
2020-08-12,207.630005,217.720001,206.270004,215.179993,215.179993,802300
2020-08-13,216.824997,229.449997,216.259995,225.179993,225.179993,1224300
2020-08-14,226.059998,229.490005,217.470001,219.210007,219.210007,729300
2020-08-17,222.289993,225.320007,216.690002,219.330002,219.330002,986000
2020-08-18,219.559998,221.839996,215.255997,219.020004,219.020004,674800
2020-08-19,219.970001,223.949997,219.009995,220.710007,220.710007,578600
2020-08-20,219.850006,220.429993,215.940002,217.199997,217.199997,535500
2020-08-21,217.800003,218.860001,212.212006,213.289993,213.289993,704600
2020-08-24,216.009995,218.149994,209.089996,210.839996,210.839996,718400
2020-08-25,211.759995,214.059998,208.259995,213.160004,213.160004,1009900
2020-08-26,213.449997,219.190002,209.619995,214.919998,214.919998,667000
2020-08-27,215.500000,216.820007,209.330002,210.440002,210.440002,797100
2020-08-28,210.649994,223.160004,210.649994,221.190002,221.190002,655800
2020-08-31,224.050003,227.940002,220.660004,221.149994,221.149994,860500
2020-09-01,222.029999,224.000000,216.009995,223.759995,223.759995,998900
2020-09-02,224.520004,227.253998,214.490005,220.330002,220.330002,680100
2020-09-03,215.660004,216.270004,192.970993,195.449997,195.449997,1679800
2020-09-04,196.949997,198.554993,181.250000,194.610001,194.610001,1550800
2020-09-08,190.016006,193.587006,182.059998,189.050003,189.050003,1424300
2020-09-09,194.320007,196.500000,189.380005,193.559998,193.559998,640900
2020-09-10,195.610001,198.460007,185.179993,187.000000,187.000000,737700
2020-09-11,188.750000,191.190002,181.009995,183.960007,183.960007,655900
2020-09-14,187.710007,196.770004,186.970001,196.119995,196.119995,763100
2020-09-15,200.940002,202.429993,195.660004,199.000000,199.000000,655100
2020-09-16,201.190002,206.779999,200.000000,201.759995,201.759995,828800
2020-09-17,193.389999,193.389999,184.330002,187.029999,187.029999,1039100
2020-09-18,190.000000,192.000000,180.309998,186.210007,186.210007,1428600
2020-09-21,180.729996,191.000000,179.169006,190.410004,190.410004,754600
2020-09-22,184.500000,189.500000,178.320007,185.199997,185.199997,2629900
2020-09-23,189.399994,196.509995,187.899994,189.440002,189.440002,1871800
2020-09-24,186.889999,193.979996,180.875000,191.729996,191.729996,964900
2020-09-25,192.899994,202.699997,191.990005,200.960007,200.960007,996500
2020-09-28,205.130005,219.000000,204.550003,218.289993,218.289993,1415600
2020-09-29,219.000000,231.828995,219.000000,231.500000,231.500000,1572300
2020-09-30,233.449997,245.779999,228.100006,238.350006,238.350006,1580700
2020-10-01,243.000000,249.729996,235.220001,248.869995,248.869995,1351700
2020-10-02,240.600006,257.250000,239.500000,251.580002,251.580002,1318500
2020-10-05,258.450012,272.630005,257.010010,272.589996,272.589996,1399000
2020-10-06,273.670013,275.850006,262.399994,271.869995,271.869995,1964600
2020-10-07,278.980011,308.170013,276.570007,305.149994,305.149994,2194800
2020-10-08,311.000000,314.000000,278.559998,289.000000,289.000000,3179800
2020-10-09,292.000000,311.242004,286.709991,305.350006,305.350006,1848400
2020-10-12,310.000000,311.596008,288.000000,297.940002,297.940002,1870300
2020-10-13,295.890015,302.239990,289.500000,299.649994,299.649994,1350300
2020-10-14,300.000000,308.737000,294.029999,304.519989,304.519989,1351100
2020-10-15,298.000000,305.339996,290.000000,302.500000,302.500000,1139600
2020-10-16,310.000000,315.429993,300.049988,302.019989,302.019989,1691300
2020-10-19,304.489990,316.782013,300.720001,309.100006,309.100006,1162500
2020-10-20,313.329987,317.880005,303.440002,309.799988,309.799988,1583600
2020-10-21,310.940002,312.950012,278.631989,279.589996,279.589996,1948400
2020-10-22,282.290009,287.500000,268.429993,280.390015,280.390015,1883900
2020-10-23,287.049988,293.500000,278.320007,282.880005,282.880005,912500
2020-10-26,276.019989,285.739990,265.089996,273.000000,273.000000,1158800
2020-10-27,269.820007,275.269989,255.429993,261.839996,261.839996,1815100
2020-10-28,260.000000,269.869995,254.690002,263.829987,263.829987,1336400
2020-10-29,267.000000,275.380005,266.000000,270.089996,270.089996,1099500
2020-10-30,266.500000,268.929993,251.020004,257.690002,257.690002,1232700
2020-11-02,262.500000,275.970001,261.079987,267.720001,267.720001,1805500
2020-11-03,213.089996,217.970001,201.559998,206.369995,206.369995,8792700
2020-11-04,203.000000,208.479996,190.100006,206.559998,206.559998,4154800
2020-11-05,219.889999,236.000000,219.199997,233.630005,233.630005,3565600
2020-11-06,236.520004,242.279999,229.279999,237.509995,237.509995,1772500
2020-11-09,253.929993,253.960007,231.789993,232.520004,232.520004,1838500
2020-11-10,231.710007,235.490005,217.619995,225.509995,225.509995,1414700
2020-11-11,234.889999,236.970001,229.020004,235.190002,235.190002,1371200
2020-11-12,238.990005,239.729996,224.250000,227.199997,227.199997,989700
2020-11-13,232.000000,233.000000,219.880005,221.600006,221.600006,1138300
2020-11-16,223.500000,228.794998,220.020004,228.279999,228.279999,1044900
2020-11-17,228.000000,234.809998,226.210007,233.179993,233.179993,971000
2020-11-18,234.529999,236.330002,228.330002,232.820007,232.820007,682700
2020-11-19,234.949997,246.330002,233.389999,244.050003,244.050003,1066100
2020-11-20,249.139008,262.820007,247.089996,257.989990,257.989990,1385800
2020-11-23,264.119995,268.850006,261.239990,264.799988,264.799988,1575700
2020-11-24,268.500000,273.980011,256.394989,268.970001,268.970001,1592800
2020-11-25,266.500000,279.579987,265.130005,275.970001,275.970001,1339100
2020-11-27,282.720001,298.809998,282.000000,288.230011,288.230011,1104500
2020-11-30,293.980011,296.399994,269.010010,277.980011,277.980011,3788700
2020-12-01,281.329987,282.779999,269.229004,274.070007,274.070007,974900
2020-12-02,262.500000,277.649994,254.649994,273.500000,273.500000,1251500
2020-12-03,275.619995,278.980011,270.089996,272.329987,272.329987,826800
2020-12-04,269.779999,276.200012,267.239990,271.970001,271.970001,737400
2020-12-07,271.059998,281.274994,270.549988,278.320007,278.320007,899200
2020-12-08,279.250000,287.000000,276.000000,284.859985,284.859985,1026400
2020-12-09,286.140015,286.359985,268.119995,271.760010,271.760010,1150100
2020-12-10,270.000000,276.480011,268.498993,273.480011,273.480011,880100
2020-12-11,277.779999,305.440002,275.010010,291.510010,291.510010,2051800
2020-12-14,293.230011,296.058014,283.549988,293.320007,293.320007,1003900
2020-12-15,296.750000,316.454987,295.500000,313.769989,313.769989,1474500
2020-12-16,313.700012,313.700012,299.269989,309.720001,309.720001,1102500
2020-12-17,311.220001,319.035004,302.100006,305.700012,305.700012,929800
2020-12-18,309.750000,322.250000,306.135010,314.500000,314.500000,1689900
2020-12-21,308.500000,323.649994,306.003998,318.619995,318.619995,1080200
2020-12-22,323.209991,335.799988,315.915009,322.519989,322.519989,1280100
2020-12-23,328.839996,334.390015,320.089996,323.980011,323.980011,831400
2020-12-24,321.690002,326.664001,313.299988,324.089996,324.089996,371100
2020-12-28,330.000000,335.500000,315.000000,318.410004,318.410004,875800
2020-12-29,318.000000,318.160004,297.049988,307.970001,307.970001,982800
2020-12-30,313.100006,323.000000,310.959991,319.100006,319.100006,630300
2020-12-31,322.839996,323.554993,314.216003,319.119995,319.119995,470700
2021-01-04,321.809998,327.230011,307.010010,311.350006,311.350006,955500
2021-01-05,306.609985,323.000000,305.000000,316.809998,316.809998,858200
2021-01-06,332.089996,375.000000,328.769989,348.130005,348.130005,3143900
2021-01-07,360.000000,371.540009,350.440002,365.970001,365.970001,1616200
2021-01-08,374.100006,377.000000,348.579987,356.109985,356.109985,1331000
2021-01-11,343.899994,356.660004,337.000000,352.049988,352.049988,802700
2021-01-12,360.329987,361.500000,343.149994,346.299988,346.299988,818600
2021-01-13,348.299988,351.049988,331.029999,335.399994,335.399994,1143500
2021-01-14,340.000000,350.989990,334.519989,335.399994,335.399994,916900
2021-01-15,329.559998,330.929993,281.829987,282.260010,282.260010,3579400
2021-01-19,296.690002,301.000000,291.119995,295.049988,295.049988,2329300
2021-01-20,303.109985,312.390015,295.959991,297.179993,297.179993,1664200
2021-01-21,312.750000,317.799988,302.109985,317.179993,317.179993,2502400
2021-01-22,309.010010,321.750000,307.005005,321.119995,321.119995,1201800
2021-01-25,323.500000,331.500000,303.630005,310.119995,310.119995,1323600
2021-01-26,312.019989,317.519989,293.179993,296.679993,296.679993,1361200
2021-01-27,285.000000,299.750000,266.010010,285.510010,285.510010,1495800
2021-01-28,294.000000,311.350006,286.359985,309.739990,309.739990,1209600
2021-01-29,306.109985,311.000000,281.859985,288.329987,288.329987,1387100
2021-02-01,294.899994,301.859985,285.619995,300.820007,300.820007,930900
2021-02-02,305.019989,311.579987,302.010010,307.049988,307.049988,1100700
2021-02-03,310.000000,312.000000,300.250000,307.079987,307.079987,865000
2021-02-04,308.070007,309.130005,297.549988,301.700012,301.700012,827200
2021-02-05,304.399994,309.299988,297.779999,308.239990,308.239990,584700
2021-02-08,309.809998,324.799988,309.809998,318.829987,318.829987,833000
2021-02-09,316.160004,328.299988,315.596008,325.920013,325.920013,750900
2021-02-10,333.000000,344.880005,317.338989,320.399994,320.399994,1243800
2021-02-11,324.980011,333.640015,322.100006,330.779999,330.779999,873300
2021-02-12,320.003998,334.885986,320.003998,330.890015,330.890015,653300
2021-02-16,337.751007,349.390015,322.890015,331.350006,331.350006,1920100
2021-02-17,328.510010,342.950012,310.869995,334.799988,334.799988,1869900
2021-02-18,321.049988,329.739990,306.750000,316.089996,316.089996,1773000
2021-02-19,322.450012,326.149994,315.575012,321.989990,321.989990,931900
2021-02-22,310.760010,313.880005,287.880005,288.700012,288.700012,1404200
2021-02-23,280.000000,296.730011,264.526001,295.579987,295.579987,1392400
2021-02-24,293.000000,310.489990,283.459991,308.149994,308.149994,1043600
2021-02-25,299.750000,308.000000,282.649994,284.329987,284.329987,902200
2021-02-26,285.160004,302.395996,281.230011,298.309998,298.309998,980100
2021-03-01,301.200012,307.950012,298.130005,307.950012,307.950012,811400
2021-03-02,306.779999,310.500000,290.730011,291.589996,291.589996,766800
2021-03-03,291.079987,293.500000,272.579987,274.730011,274.730011,860300
2021-03-04,268.679993,278.140015,246.559998,256.260010,256.260010,1804700
2021-03-05,267.151001,267.151001,230.080002,249.429993,249.429993,1581900
2021-03-08,243.770004,263.364990,240.360001,246.710007,246.710007,1258700
2021-03-09,261.359985,284.820007,261.220001,280.010010,280.010010,1260000
2021-03-10,291.829987,293.730011,277.380005,279.670013,279.670013,1150000
2021-03-11,289.750000,299.000000,286.019989,295.230011,295.230011,996400
2021-03-12,282.190002,293.940002,280.000000,291.480011,291.480011,762900
2021-03-15,292.760010,303.399994,288.864990,297.209991,297.209991,641100
2021-03-16,295.470001,297.859985,282.970001,285.600006,285.600006,723900
2021-03-17,280.179993,295.970001,273.079987,291.429993,291.429993,780000
2021-03-18,281.709991,285.000000,264.829987,266.489990,266.489990,919700
2021-03-19,276.320007,284.345001,267.790009,280.940002,280.940002,1692800
2021-03-22,281.940002,293.690002,281.350006,289.170013,289.170013,744500
2021-03-23,285.910004,295.828003,274.410004,278.369995,278.369995,528200
2021-03-24,281.160004,283.987000,266.929993,267.589996,267.589996,525200
2021-03-25,255.830002,271.540009,252.559998,270.029999,270.029999,744800
2021-03-26,271.640015,276.500000,264.529999,275.750000,275.750000,575400
2021-03-29,273.239990,277.720001,254.100006,260.040009,260.040009,583500
2021-03-30,258.350006,271.730011,256.630005,271.170013,271.170013,797900
2021-03-31,277.170013,292.390015,276.394989,287.440002,287.440002,874900
2021-04-01,293.149994,298.079987,282.364990,283.390015,283.390015,913100
2021-04-05,286.709991,287.673004,265.440002,268.970001,268.970001,787600
2021-04-06,273.299988,282.000000,270.869995,277.250000,277.250000,629100
2021-04-07,276.140015,276.609985,258.519989,262.450012,262.450012,810700
2021-04-08,264.399994,268.920013,261.010010,262.089996,262.089996,543000
2021-04-09,261.010010,267.250000,256.260010,263.950012,263.950012,481600
2021-04-12,258.690002,263.703003,253.949997,263.200012,263.200012,495500
2021-04-13,264.420013,270.079987,262.200012,269.440002,269.440002,613000
2021-04-14,271.000000,278.709991,264.390015,266.209991,266.209991,732000
2021-04-15,271.399994,271.399994,252.604004,256.019989,256.019989,707700
2021-04-16,256.970001,262.630005,256.579987,258.709991,258.709991,1489700
2021-04-19,257.000000,261.752014,241.399994,244.860001,244.860001,808000
2021-04-20,243.029999,249.119995,237.309998,243.869995,243.869995,712400
2021-04-21,240.690002,256.994995,239.199997,255.089996,255.089996,811500
2021-04-22,267.570007,279.440002,266.059998,274.700012,274.700012,1373200
2021-04-23,277.510010,284.980011,272.779999,279.429993,279.429993,770500
2021-04-26,283.269989,289.890015,275.709991,289.549988,289.549988,1026200
2021-04-27,289.899994,295.350006,286.710999,290.140015,290.140015,596600
2021-04-28,278.600006,286.989990,270.720001,282.500000,282.500000,1015500
2021-04-29,283.649994,285.049988,269.500000,275.760010,275.760010,795300
2021-04-30,270.880005,273.454987,260.785004,263.540009,263.540009,695100
2021-05-03,266.309998,267.489990,257.214996,260.059998,260.059998,1067400
2021-05-04,241.029999,241.800003,212.179993,218.570007,218.570007,4429100
2021-05-05,223.169998,228.453003,215.410004,219.229996,219.229996,1713300
2021-05-06,217.229996,219.729996,208.610001,214.130005,214.130005,1396800
2021-05-07,218.399994,224.880005,215.649994,220.399994,220.399994,957500
2021-05-10,222.610001,223.740997,211.000000,213.339996,213.339996,916800
2021-05-11,202.000000,221.626007,200.449997,217.940002,217.940002,1552900
2021-05-12,211.820007,217.257996,207.720001,208.240005,208.240005,923400
2021-05-13,209.250000,213.429993,199.330002,204.009995,204.009995,964100
2021-05-14,208.867004,220.539001,207.000000,218.869995,218.869995,756500
2021-05-17,215.600006,218.690002,211.210007,218.009995,218.009995,557000
2021-05-18,220.160004,227.160004,215.177994,221.720001,221.720001,883200
2021-05-19,215.960007,234.759995,215.479996,233.490005,233.490005,1216300
2021-05-20,241.899994,251.914993,238.309998,249.520004,249.520004,1370700
2021-05-21,252.000000,256.510010,246.470001,252.309998,252.309998,1095000
2021-05-24,255.600006,258.890015,249.419998,254.770004,254.770004,804100
2021-05-25,256.989990,257.868011,247.009995,251.750000,251.750000,627800
2021-05-26,252.429993,260.500000,252.018005,259.049988,259.049988,604900
2021-05-27,259.459991,262.470001,255.399994,256.559998,256.559998,739900
2021-05-28,258.890015,263.393005,256.429993,258.010010,258.010010,417200
2021-06-01,260.890015,263.089996,247.820007,248.470001,248.470001,1105300
2021-06-02,248.839996,250.139999,245.000000,247.479996,247.479996,458300
2021-06-03,243.899994,245.660004,237.720001,238.490005,238.490005,667100
2021-06-04,240.990005,246.119995,239.720001,241.839996,241.839996,296500
2021-06-07,238.179993,239.619995,230.149994,233.270004,233.270004,1208800
2021-06-08,237.639999,245.830002,234.222000,238.699997,238.699997,670800
2021-06-09,241.000000,245.610001,234.770004,235.240005,235.240005,601200
2021-06-10,235.000000,240.970001,234.000000,239.690002,239.690002,445900
2021-06-11,241.470001,244.440002,238.809998,243.169998,243.169998,414300
2021-06-14,244.929993,248.229996,240.940002,242.869995,242.869995,650200
2021-06-15,241.190002,242.380005,233.339996,238.860001,238.860001,607900
2021-06-16,238.100998,250.770004,238.100998,247.559998,247.559998,856300
2021-06-17,243.839996,264.329987,243.839996,263.179993,263.179993,1249300
2021-06-18,259.500000,266.559998,259.500000,264.230011,264.230011,1274900
2021-06-21,259.010010,261.160004,252.470001,258.609985,258.609985,675500
2021-06-22,258.549988,263.630005,257.162994,260.440002,260.440002,505600
2021-06-23,261.519989,267.250000,260.450012,265.079987,265.079987,603300
2021-06-24,266.910004,271.869995,261.970001,267.279999,267.279999,819700
2021-06-25,271.000000,278.250000,266.390015,267.709991,267.709991,3933300
2021-06-28,274.016998,285.660004,269.604004,284.660004,284.660004,922700
2021-06-29,287.390015,291.179993,281.350006,283.570007,283.570007,774600
2021-06-30,283.290009,283.290009,274.570007,276.369995,276.369995,547900
2021-07-01,275.170013,276.343994,268.540009,274.880005,274.880005,638900
2021-07-02,277.390015,283.000000,275.019989,276.230011,276.230011,447300
2021-07-06,277.000000,280.622009,271.279999,274.790009,274.790009,629800
2021-07-07,277.000000,282.980011,263.540009,265.200012,265.200012,710000
2021-07-08,255.550003,265.000000,253.529999,261.140015,261.140015,552000
2021-07-09,261.540009,268.000000,258.000000,267.679993,267.679993,321800
2021-07-12,269.140015,273.000000,265.100006,268.649994,268.649994,354400
2021-07-13,270.359985,273.369995,265.220001,265.369995,265.369995,413200
2021-07-14,268.750000,269.549988,244.244995,245.460007,245.460007,887000
2021-07-15,243.770004,251.276001,237.199997,241.210007,241.210007,831600
2021-07-16,242.949997,244.410004,236.139999,236.559998,236.559998,451600
2021-07-19,229.800003,240.380005,225.154999,240.160004,240.160004,762900
2021-07-20,243.429993,250.119995,238.809998,245.759995,245.759995,565400
2021-07-21,247.000000,260.149994,247.000000,258.959991,258.959991,571300
2021-07-22,260.200012,263.790009,255.244995,257.390015,257.390015,458200
2021-07-23,257.190002,257.190002,247.300003,248.630005,248.630005,589600
2021-07-26,246.869995,252.259995,243.860001,245.619995,245.619995,418700
2021-07-27,243.130005,243.820007,234.229996,240.000000,240.000000,669200
2021-07-28,242.100006,257.230011,237.220001,254.139999,254.139999,1000800
2021-07-29,254.119995,263.589996,254.000000,261.130005,261.130005,520200
2021-07-30,258.450012,266.269989,257.010010,259.480011,259.480011,552000
2021-08-02,261.980011,263.049988,255.835007,257.720001,257.720001,856200
2021-08-03,298.489990,308.970001,290.000000,299.809998,299.809998,3584100
2021-08-04,300.000000,303.777008,286.845001,292.730011,292.730011,983500
2021-08-05,291.049988,293.690002,285.382996,286.390015,286.390015,524900
2021-08-06,286.390015,295.299988,283.200012,295.279999,295.279999,774400
2021-08-09,295.980011,299.670013,290.119995,294.940002,294.940002,650700
2021-08-10,296.670013,301.779999,293.940002,296.399994,296.399994,504400
2021-08-11,299.065002,299.065002,284.179993,289.299988,289.299988,538600
2021-08-12,287.959991,292.170990,285.290009,291.170013,291.170013,400600
2021-08-13,290.559998,291.200012,283.239990,284.369995,284.369995,380000
2021-08-16,282.880005,282.989990,275.269989,277.809998,277.809998,428900
2021-08-17,272.279999,274.630005,259.399994,268.350006,268.350006,915900
2021-08-18,270.040009,272.852997,265.019989,266.220001,266.220001,414000
2021-08-19,261.779999,267.000000,260.200012,262.299988,262.299988,332900
2021-08-20,262.820007,270.459991,262.600006,269.880005,269.880005,414200
2021-08-23,272.660004,282.644989,271.660004,281.010010,281.010010,554700
2021-08-24,282.739990,287.665009,276.670013,279.750000,279.750000,308200
2021-08-25,279.029999,282.350006,277.410004,281.440002,281.440002,303400
2021-08-26,280.750000,286.739990,280.130005,280.820007,280.820007,402200
2021-08-27,281.579987,293.350006,281.290009,291.250000,291.250000,519300
2021-08-30,293.529999,298.493988,291.980011,295.700012,295.700012,587000
2021-08-31,294.839996,296.589996,288.195007,289.779999,289.779999,452700
2021-09-01,294.750000,299.209991,289.304993,289.790009,289.790009,469700
2021-09-02,291.980011,296.695007,289.766998,291.540009,291.540009,356600
2021-09-03,289.239990,294.079010,283.660004,285.799988,285.799988,371700
2021-09-07,282.040009,284.730011,276.070007,278.829987,278.829987,476000
2021-09-08,283.790009,287.420013,273.410004,274.200012,274.200012,561200
2021-09-09,273.000000,280.320007,272.549988,275.950012,275.950012,354800
2021-09-10,278.040009,284.619995,268.529999,268.540009,268.540009,408100
2021-09-13,270.000000,276.720001,262.410004,273.839996,273.839996,439100
2021-09-14,275.040009,279.500000,270.670013,272.510010,272.510010,314300
2021-09-15,271.470001,278.489990,265.489990,277.779999,277.779999,453500
2021-09-16,276.220001,276.730011,270.100006,270.399994,270.399994,374200
2021-09-17,273.200012,283.989990,270.959991,281.450012,281.450012,1873400
2021-09-20,269.940002,274.920013,262.540009,268.720001,268.720001,708400
2021-09-21,272.329987,273.690002,266.000000,269.459991,269.459991,514600
2021-09-22,270.899994,282.329987,269.149994,282.000000,282.000000,623900
2021-09-23,284.429993,287.989990,281.640015,284.109985,284.109985,489000
2021-09-24,280.000000,282.170013,273.970001,275.359985,275.359985,395900
2021-09-27,272.250000,282.285004,268.010010,280.519989,280.519989,374500
2021-09-28,273.350006,275.440002,269.575012,272.829987,272.829987,496000
2021-09-29,272.940002,276.600006,261.839996,261.869995,261.869995,573700
2021-09-30,264.790009,269.989990,262.500000,265.220001,265.220001,501500
2021-10-01,270.880005,274.970001,263.670013,272.119995,272.119995,420200
2021-10-04,268.470001,268.489990,253.539993,255.270004,255.270004,552300
2021-10-05,258.000000,264.703003,256.730011,258.700012,258.700012,378900
2021-10-06,254.940002,263.630005,252.695007,260.420013,260.420013,516900
2021-10-07,264.500000,270.799988,263.160004,263.609985,263.609985,623900
2021-10-08,264.730011,268.589996,259.459991,261.869995,261.869995,343500
2021-10-11,264.459991,285.899994,263.114990,276.820007,276.820007,1000300
2021-10-12,282.079987,301.738007,277.959991,298.410004,298.410004,1273200
2021-10-13,304.369995,312.140015,296.190002,303.720001,303.720001,885300
2021-10-14,309.989990,312.880005,300.989990,305.529999,305.529999,474400
2021-10-15,307.250000,308.000000,298.890015,299.489990,299.489990,801900
2021-10-18,299.500000,307.070007,299.157013,306.079987,306.079987,395800
2021-10-19,310.000000,324.059998,307.799988,317.220001,317.220001,653500
2021-10-20,310.760010,311.980011,303.000000,307.359985,307.359985,557100
2021-10-21,306.100006,312.320007,304.209991,309.029999,309.029999,505700
2021-10-22,309.649994,310.299988,300.850006,303.250000,303.250000,363200
2021-10-25,307.250000,313.190002,304.750000,311.920013,311.920013,297600
2021-10-26,321.510010,321.929993,307.190002,313.880005,313.880005,582700
2021-10-27,335.350006,357.880005,335.350006,342.540009,342.540009,2430400
2021-10-28,344.100006,353.079987,338.220001,351.579987,351.579987,915600
2021-10-29,351.434998,359.170013,348.600006,354.679993,354.679993,616600
2021-11-01,360.000000,371.079987,356.750000,360.929993,360.929993,879100
2021-11-02,363.730011,363.730011,348.239990,355.160004,355.160004,917100
2021-11-03,337.410004,353.565002,325.500000,352.989990,352.989990,1089900
2021-11-04,347.000000,354.559998,340.000000,349.829987,349.829987,682500
2021-11-05,347.470001,350.859985,337.420013,344.070007,344.070007,631500
2021-11-08,345.890015,352.589996,342.619995,349.899994,349.899994,476100
2021-11-09,350.450012,353.619995,341.631989,351.140015,351.140015,641600
2021-11-10,342.859985,349.315002,338.130005,343.299988,343.299988,572000
2021-11-11,348.799988,364.369995,345.700012,358.250000,358.250000,894000
2021-11-12,358.500000,363.649994,352.750000,362.410004,362.410004,613700
2021-11-15,366.200012,369.119995,359.459991,368.329987,368.329987,855500
2021-11-16,360.970001,366.959991,356.010010,360.500000,360.500000,761900
2021-11-17,361.140015,368.839996,360.000000,365.000000,365.000000,423900
2021-11-18,364.489990,364.720001,352.589996,355.420013,355.420013,463000
2021-11-19,355.420013,369.290009,352.220001,365.130005,365.130005,507800
2021-11-22,368.000000,389.709991,348.829987,353.649994,353.649994,1116800
2021-11-23,354.450012,363.480011,340.100006,350.019989,350.019989,600700
2021-11-24,345.200012,349.868988,333.369995,348.489990,348.489990,417300
2021-11-26,336.309998,351.000000,335.570007,341.440002,341.440002,349300
2021-11-29,343.010010,348.415009,336.760010,347.209991,347.209991,337100
2021-11-30,332.859985,342.799988,324.730011,327.760010,327.760010,1074900
2021-12-01,335.010010,336.746002,314.500000,315.049988,315.049988,658000
2021-12-02,311.010010,322.320007,309.739990,318.540009,318.540009,402100
2021-12-03,321.579987,323.100006,299.299988,307.000000,307.000000,674100
2021-12-06,306.190002,309.920013,289.200012,307.630005,307.630005,1185300
2021-12-07,319.519989,328.859985,318.899994,325.829987,325.829987,750000
2021-12-08,331.510010,344.785004,327.799988,330.559998,330.559998,824700
2021-12-09,329.500000,338.471985,312.290009,313.380005,313.380005,484400
2021-12-10,317.980011,321.980011,303.420013,309.089996,309.089996,484000
2021-12-13,310.320007,314.299988,302.140015,303.670013,303.670013,627500
2021-12-14,292.760010,300.970001,282.239990,298.299988,298.299988,1274300
2021-12-15,296.679993,305.829987,287.799988,305.500000,305.500000,793400
2021-12-16,310.970001,311.829987,284.079987,287.029999,287.029999,969100
2021-12-17,283.049988,289.359985,273.970001,288.850006,288.850006,10294300
2021-12-20,268.730011,273.690002,257.320007,258.359985,258.359985,2312900
2021-12-21,265.450012,283.420013,265.450012,281.100006,281.100006,1301500
2021-12-22,280.500000,286.200012,276.790009,284.010010,284.010010,621900
2021-12-23,286.970001,289.589996,280.470001,283.290009,283.290009,400800
2021-12-27,283.850006,287.554993,279.010010,285.600006,285.600006,514400
2021-12-28,287.049988,287.500000,277.850006,278.820007,278.820007,332800
2021-12-29,279.720001,280.540009,272.279999,278.040009,278.040009,318400
2021-12-30,279.640015,286.679993,276.304993,282.350006,282.350006,329800
2021-12-31,281.029999,286.500000,280.329987,280.570007,280.570007,199300
2022-01-03,284.000000,285.040009,274.660004,282.450012,282.450012,572600
2022-01-04,284.500000,286.779999,263.250000,273.100006,273.100006,833600
2022-01-05,272.600006,272.600006,249.570007,249.809998,249.809998,1121100
2022-01-06,249.970001,255.485001,242.020004,248.240005,248.240005,1195900
2022-01-07,248.009995,259.519989,247.009995,248.910004,248.910004,640300
2022-01-10,247.654999,255.949997,241.000000,255.470001,255.470001,1317100
2022-01-11,254.559998,264.179993,253.720001,261.089996,261.089996,785600
2022-01-12,264.959991,269.000000,258.420013,261.019989,261.019989,497500
2022-01-13,270.239990,277.640015,260.149994,260.429993,260.429993,1222800
2022-01-14,255.149994,266.519989,248.830002,253.830002,253.830002,771100
2022-01-18,246.169998,252.130005,238.240005,238.800003,238.800003,864900
2022-01-19,240.000000,244.490005,231.740005,232.089996,232.089996,820200
2022-01-20,237.000000,246.520004,230.919998,231.320007,231.320007,940100
2022-01-21,227.619995,232.759995,218.889999,220.309998,220.309998,999900
2022-01-24,208.000000,225.910004,200.860001,225.869995,225.869995,2059100
2022-01-25,218.559998,219.720001,210.598007,212.740005,212.740005,1069600
2022-01-26,223.300003,228.860001,210.429993,214.130005,214.130005,998700
2022-01-27,218.309998,219.500000,208.699997,209.820007,209.820007,1305500
2022-01-28,210.929993,214.470001,202.600006,212.070007,212.070007,1142700
2022-01-31,216.330002,239.000000,213.509995,238.220001,238.220001,1204800
2022-02-01,241.800003,243.449997,232.240005,242.229996,242.229996,778400
2022-02-02,244.360001,246.970001,236.570007,238.300003,238.300003,443600
2022-02-03,232.110001,238.059998,228.509995,231.199997,231.199997,635300
2022-02-04,229.889999,242.000000,227.240005,238.259995,238.259995,606200
2022-02-07,239.330002,247.529999,238.369995,240.970001,240.970001,643700
2022-02-08,239.639999,249.419998,238.679993,248.710007,248.710007,562200
2022-02-09,274.963989,278.500000,258.200012,265.980011,265.980011,2173900
2022-02-10,260.000000,275.970001,259.505005,264.500000,264.500000,1174600
2022-02-11,261.440002,264.820007,247.130005,250.089996,250.089996,880700
2022-02-14,247.860001,254.130005,243.281006,249.220001,249.220001,815700
2022-02-15,258.350006,262.989990,255.309998,262.160004,262.160004,963500
2022-02-16,256.000000,267.299988,248.149994,266.720001,266.720001,1273300
2022-02-17,262.859985,269.390015,261.010010,263.260010,263.260010,647700
2022-02-18,264.320007,264.855011,255.220001,257.910004,257.910004,1003400
2022-02-22,250.619995,257.885010,244.860001,246.070007,246.070007,715200
2022-02-23,249.610001,250.000000,234.100006,236.110001,236.110001,662600
2022-02-24,223.429993,271.660004,220.029999,271.190002,271.190002,1351300
2022-02-25,271.179993,278.140015,262.549988,277.929993,277.929993,826800
2022-02-28,285.640015,320.445007,283.540009,319.420013,319.420013,2341700
2022-03-01,315.000000,327.260010,308.510010,324.630005,324.630005,1785400
2022-03-02,321.700012,324.089996,306.410004,314.459991,314.459991,1140600
2022-03-03,316.000000,317.500000,299.000000,301.820007,301.820007,842400
2022-03-04,301.100006,312.279999,291.089996,293.230011,293.230011,973600
2022-03-07,303.339996,316.554993,297.079987,297.890015,297.890015,1184400
2022-03-08,303.640015,335.179993,301.200012,328.910004,328.910004,2398400
2022-03-09,321.200012,335.570007,310.165009,326.980011,326.980011,1322900
2022-03-10,324.095001,325.140015,302.315002,315.130005,315.130005,1455200
2022-03-11,322.049988,331.779999,313.000000,317.929993,317.929993,998200
2022-03-14,309.260010,316.720001,291.075012,298.510010,298.510010,783800
2022-03-15,298.079987,316.920013,290.700012,315.750000,315.750000,832200
2022-03-16,319.519989,334.170013,315.714996,334.160004,334.160004,1195300
2022-03-17,317.470001,323.700012,307.179993,314.600006,314.600006,1605800
2022-03-18,297.250000,318.350006,292.381012,312.510010,312.510010,3625300
2022-03-21,314.130005,320.000000,304.640015,312.079987,312.079987,982000
2022-03-22,314.529999,328.279999,313.470001,325.109985,325.109985,1040500
2022-03-23,316.190002,340.000000,315.000000,327.269989,327.269989,1052700
2022-03-24,330.809998,338.320007,315.000000,337.739990,337.739990,1044400
2022-03-25,336.380005,338.959991,321.730011,335.269989,335.269989,859000
2022-03-28,332.670013,339.799988,320.440002,333.070007,333.070007,1185000
2022-03-29,331.750000,334.399994,310.709991,324.500000,324.500000,1714800
2022-03-30,330.119995,334.779999,313.140015,314.230011,314.230011,1158200
2022-03-31,318.149994,328.869995,314.579987,322.369995,322.369995,1203900
2022-04-01,319.149994,334.760010,318.000000,322.829987,322.829987,834300
2022-04-04,325.559998,341.929993,323.510010,335.309998,335.309998,812400
2022-04-05,337.359985,344.609985,323.160004,328.690002,328.690002,922200
2022-04-06,322.000000,327.000000,311.619995,320.160004,320.160004,797400
2022-04-07,319.589996,329.290009,309.059998,314.929993,314.929993,795700
2022-04-08,312.929993,313.899994,299.290009,301.579987,301.579987,699700
2022-04-11,299.489990,305.720001,291.959991,300.029999,300.029999,839300
2022-04-12,307.399994,311.940002,300.429993,301.450012,301.450012,584100
2022-04-13,304.250000,311.390015,300.760010,308.000000,308.000000,459600
2022-04-14,310.299988,314.000000,300.579987,300.660004,300.660004,568100
2022-04-18,299.850006,305.165009,296.339996,302.269989,302.269989,404000
2022-04-19,305.000000,307.519989,293.690002,304.820007,304.820007,706100
2022-04-20,309.989990,309.989990,280.230011,281.609985,281.609985,973200
2022-04-21,284.609985,285.529999,253.350006,254.149994,254.149994,1407900
2022-04-22,254.500000,261.500000,249.845001,251.580002,251.580002,1781700
2022-04-25,247.770004,255.600006,245.059998,253.490005,253.490005,832900
2022-04-26,252.220001,253.815002,244.740005,244.759995,244.759995,943400
2022-04-27,250.789993,263.355011,246.369995,249.479996,249.479996,1156600
2022-04-28,256.160004,259.619995,241.554993,254.410004,254.410004,1331800
2022-04-29,253.380005,260.640015,249.699997,250.410004,250.410004,762600
2022-05-02,250.500000,256.519989,245.600006,255.309998,255.309998,1056200
2022-05-03,255.789993,265.649994,246.259995,262.670013,262.670013,1140600
2022-05-04,265.829987,284.890015,261.250000,284.600006,284.600006,1027300
2022-05-05,280.890015,283.200012,261.440002,266.230011,266.230011,874300
2022-05-06,264.109985,264.109985,250.000000,251.809998,251.809998,599400
2022-05-09,246.279999,250.979996,221.085007,225.360001,225.360001,1164100
2022-05-10,238.029999,242.940002,224.029999,233.800003,233.800003,1086000
2022-05-11,232.000000,237.830002,215.699997,216.520004,216.520004,1094100
2022-05-12,212.699997,227.169998,207.000000,211.919998,211.919998,1259400
2022-05-13,221.070007,236.639999,220.330002,232.250000,232.250000,1145100
2022-05-16,229.979996,233.500000,221.985001,222.789993,222.789993,591100
2022-05-17,231.610001,239.514999,230.000000,239.350006,239.350006,854400
2022-05-18,232.869995,252.929993,232.250000,238.800003,238.800003,1000700
2022-05-19,237.250000,263.890015,237.250000,252.179993,252.179993,1132400
2022-05-20,257.260010,261.516998,245.779999,256.809998,256.809998,838900
2022-05-23,258.369995,259.415009,245.850006,255.630005,255.630005,722900
2022-05-24,251.759995,251.759995,242.485001,248.229996,248.229996,489800
2022-05-25,248.190002,256.750000,244.630005,253.449997,253.449997,528700
2022-05-26,254.330002,269.779999,250.429993,266.440002,266.440002,725000
2022-05-27,269.700012,281.839996,269.200012,280.359985,280.359985,599700
2022-05-31,280.559998,282.410004,267.385010,272.790009,272.790009,827000
2022-06-01,273.290009,279.269989,268.600006,272.480011,272.480011,533800
2022-06-02,280.070007,304.803009,278.470001,300.489990,300.489990,987500
2022-06-03,292.019989,307.489990,290.299988,298.339996,298.339996,568400
2022-06-06,311.260010,314.519989,299.609985,306.880005,306.880005,954800
2022-06-07,300.570007,307.369995,300.160004,306.420013,306.420013,630700
2022-06-08,308.390015,312.989990,296.630005,298.440002,298.440002,616200
2022-06-09,296.140015,302.000000,291.339996,291.670013,291.670013,527400
2022-06-10,282.029999,292.000000,278.579987,284.359985,284.359985,843200
2022-06-13,268.450012,271.540009,255.824997,264.339996,264.339996,1226100
2022-06-14,265.329987,269.559998,260.420013,264.630005,264.630005,566800
2022-06-15,267.359985,277.380005,260.845001,274.130005,274.130005,680700
2022-06-16,262.279999,269.000000,250.789993,253.979996,253.979996,815100
2022-06-17,258.760010,277.929993,256.170013,275.410004,275.410004,2001400
2022-06-21,281.559998,291.769989,280.000000,283.100006,283.100006,721100
2022-06-22,278.000000,290.940002,274.769989,280.399994,280.399994,825000
2022-06-23,282.779999,293.140015,276.549988,291.529999,291.529999,800300
2022-06-24,292.910004,294.500000,272.304993,286.339996,286.339996,739600
2022-06-27,287.209991,303.980011,286.549988,298.519989,298.519989,949700
2022-06-28,299.000000,300.739990,277.529999,279.239990,279.239990,696400
2022-06-29,270.549988,271.739990,256.750000,262.959991,262.959991,1030400
2022-06-30,259.609985,278.640015,258.000000,273.679993,273.679993,853400
2022-07-01,271.700012,284.000000,271.690002,276.299988,276.299988,554900
2022-07-05,268.049988,272.019989,256.184998,271.269989,271.269989,758000
2022-07-06,272.019989,275.488007,265.019989,269.790009,269.790009,442500
2022-07-07,273.809998,289.239990,272.964996,286.859985,286.859985,660900
2022-07-08,282.000000,297.579987,278.079987,295.109985,295.109985,678600
2022-07-11,292.510010,294.000000,276.380005,279.670013,279.670013,796700
2022-07-12,279.609985,281.980011,257.239990,265.369995,265.369995,915800
2022-07-13,257.000000,275.359985,255.580002,269.029999,269.029999,655300
2022-07-14,265.920013,269.779999,257.829987,269.019989,269.019989,675700
2022-07-15,259.029999,266.355011,245.255005,265.850006,265.850006,1309100
2022-07-18,273.429993,289.000000,272.809998,280.679993,280.679993,976100
2022-07-19,282.299988,290.470001,279.230011,290.299988,290.299988,610800
2022-07-20,289.660004,299.859985,287.390015,295.859985,295.859985,847600
2022-07-21,298.630005,298.839996,283.519989,292.980011,292.980011,625900
2022-07-22,294.750000,300.989990,285.450012,288.929993,288.929993,552400
2022-07-25,289.000000,299.975006,284.179993,299.380005,299.380005,666600
2022-07-26,298.279999,302.839996,294.500000,296.480011,296.480011,799600
2022-07-27,315.399994,326.089996,309.200012,325.190002,325.190002,1784300
2022-07-28,345.660004,375.899994,334.209991,341.190002,341.190002,2424400
2022-07-29,339.339996,362.790009,337.290009,360.130005,360.130005,1384100
2022-08-01,352.845001,363.989990,348.600006,358.589996,358.589996,1325600
2022-08-02,350.000000,374.480011,350.000000,365.410004,365.410004,1736100
2022-08-03,329.000000,329.067993,294.000000,295.519989,295.519989,5155900
2022-08-04,297.000000,319.399994,292.109985,309.220001,309.220001,2093300
2022-08-05,316.220001,327.799988,308.000000,315.500000,315.500000,1556500
2022-08-08,322.510010,331.190002,302.720001,303.109985,303.109985,1627200
2022-08-09,295.015015,314.125000,291.130005,312.630005,312.630005,1147400
2022-08-10,321.869995,324.720001,313.010010,323.739990,323.739990,915400
2022-08-11,326.420013,329.130005,318.100006,319.019989,319.019989,866700
2022-08-12,322.299988,333.779999,316.700012,330.519989,330.519989,771900
2022-08-15,322.720001,330.850006,318.549988,324.179993,324.179993,727900
2022-08-16,322.619995,323.975006,309.500000,311.269989,311.269989,697400
2022-08-17,305.880005,313.839996,300.850006,310.619995,310.619995,769400
2022-08-18,316.290009,320.950012,312.484985,317.220001,317.220001,472500
2022-08-19,307.700012,309.940002,298.450012,300.329987,300.329987,901200
2022-08-22,294.730011,296.222992,286.299988,288.839996,288.839996,904100
2022-08-23,291.519989,295.410004,288.010010,288.459991,288.459991,646600
2022-08-24,289.010010,299.529999,289.000000,294.609985,294.609985,707100
2022-08-25,296.079987,302.656006,295.940002,300.739990,300.739990,508100
2022-08-26,302.339996,307.940002,287.880005,287.929993,287.929993,589800
2022-08-29,284.230011,291.630005,276.709991,279.459991,279.459991,1231000
2022-08-30,284.549988,287.500000,268.575012,275.500000,275.500000,1012400
2022-08-31,277.869995,280.690002,270.649994,275.970001,275.970001,795200
2022-09-01,271.149994,271.339996,262.890015,269.320007,269.320007,772700
2022-09-02,271.549988,273.459991,262.920013,267.119995,267.119995,577100
2022-09-06,268.799988,280.679993,265.309998,278.380005,278.380005,1018400
2022-09-07,277.959991,311.959991,277.660004,311.364990,311.364990,2248800
2022-09-08,307.790009,319.127014,304.696991,314.160004,314.160004,1226800
2022-09-09,316.200012,316.200012,302.630005,313.000000,313.000000,876500
2022-09-12,315.200012,317.109985,308.950012,316.200012,316.200012,650300
2022-09-13,302.619995,317.660004,301.744995,313.179993,313.179993,785100
2022-09-14,312.450012,323.130005,305.670013,322.700012,322.700012,786400
2022-09-15,319.089996,324.320007,307.000000,313.250000,313.250000,700900
2022-09-16,306.850006,312.470001,301.700012,310.510010,310.510010,813200
2022-09-19,304.700012,313.399994,304.700012,307.950012,307.950012,559900
2022-09-20,306.079987,308.929993,294.230011,294.359985,294.359985,571700
2022-09-21,298.459991,299.390015,286.885010,287.959991,287.959991,880400
2022-09-22,287.380005,290.760010,270.029999,270.940002,270.940002,839100
2022-09-23,265.799988,269.309998,255.320007,258.799988,258.799988,1097600
2022-09-26,258.519989,264.760010,246.360001,247.649994,247.649994,1045000
2022-09-27,254.690002,258.410004,246.240005,249.580002,249.580002,877900
2022-09-28,246.729996,257.500000,244.160004,256.790009,256.790009,827000
2022-09-29,251.089996,251.869995,234.550003,235.559998,235.559998,1082100
2022-09-30,233.779999,238.899994,227.800003,231.460007,231.460007,1495800
2022-10-03,236.000000,240.445007,231.800003,236.839996,236.839996,781100
2022-10-04,245.800003,250.449997,243.160004,246.169998,246.169998,703200
2022-10-05,240.369995,242.320007,224.945007,234.240005,234.240005,1461700
2022-10-06,233.470001,237.699997,219.699997,220.270004,220.270004,1587300
2022-10-07,216.699997,219.240005,208.479996,209.619995,209.619995,1568200
2022-10-10,210.300003,211.949997,204.119995,207.839996,207.839996,1010200
2022-10-11,204.389999,209.589996,200.940002,203.589996,203.589996,1609300
2022-10-12,205.830002,206.587997,195.610001,200.600006,200.600006,1451300
2022-10-13,191.934998,203.865005,190.149994,200.070007,200.070007,1236900
2022-10-14,203.279999,212.500000,193.029999,193.389999,193.389999,1279100
2022-10-17,199.000000,203.300003,195.699997,197.289993,197.289993,1056700
2022-10-18,207.000000,211.860001,203.389999,207.419998,207.419998,1571400
2022-10-19,204.250000,204.250000,196.720001,199.460007,199.460007,1223000
2022-10-20,200.619995,203.850006,194.139999,197.839996,197.839996,1029100
2022-10-21,197.330002,203.350006,194.000000,202.660004,202.660004,1677300
2022-10-24,203.660004,205.610001,197.669998,203.740005,203.740005,1025700
2022-10-25,205.029999,219.000000,205.029999,215.610001,215.610001,1096000
2022-10-26,224.199997,235.240005,220.550003,225.679993,225.679993,1922800
2022-10-27,229.690002,233.929993,225.509995,228.830002,228.830002,1016400
2022-10-28,226.880005,232.380005,222.889999,231.720001,231.720001,798900
2022-10-31,228.440002,232.000000,225.000000,230.029999,230.029999,839500
2022-11-01,236.960007,238.860001,225.229996,225.250000,225.250000,711600
2022-11-02,225.080002,230.179993,217.399994,217.580002,217.580002,1060800
2022-11-03,217.580002,228.240005,215.990005,224.949997,224.949997,670000
2022-11-04,231.259995,232.149994,211.369995,219.000000,219.000000,894500
2022-11-07,222.399994,223.679993,206.600006,211.300003,211.300003,1837900
2022-11-08,240.559998,253.720001,240.050003,251.729996,251.729996,3529300
2022-11-09,250.229996,271.630005,249.005005,249.220001,249.220001,2017400
2022-11-10,266.459991,285.459991,263.842987,283.670013,283.670013,2692500
2022-11-11,280.450012,299.899994,279.320007,288.910004,288.910004,1813300
2022-11-14,287.500000,290.872986,280.470001,284.010010,284.010010,1035000
2022-11-15,291.720001,294.000000,287.339996,287.970001,287.970001,879500
2022-11-16,285.279999,294.535004,283.010010,289.760010,289.760010,859500
2022-11-17,280.000000,301.359985,274.269989,299.209991,299.209991,1240600
2022-11-18,304.000000,307.600006,298.299988,306.390015,306.390015,1290600
2022-11-21,301.739990,305.000000,295.420013,301.410004,301.410004,752500
2022-11-22,302.049988,310.549988,298.260010,309.179993,309.179993,921900
2022-11-23,308.500000,311.480011,300.529999,306.250000,306.250000,851200
2022-11-25,302.079987,308.790009,297.160004,301.910004,301.910004,456700
2022-11-28,297.140015,300.255005,292.790009,295.450012,295.450012,775400
2022-11-29,297.559998,298.000000,287.700012,290.850006,290.850006,654300
2022-11-30,295.089996,300.920013,285.500000,298.859985,298.859985,1477400
2022-12-01,300.459991,301.359985,290.769989,295.769989,295.769989,786800
2022-12-02,291.160004,316.279999,291.160004,308.769989,308.769989,1144600
2022-12-05,306.380005,322.579987,306.000000,314.059998,314.059998,1383100
2022-12-06,310.950012,314.445007,296.679993,298.980011,298.980011,902500
2022-12-07,308.760010,321.410004,305.225006,310.790009,310.790009,1305500
2022-12-08,311.489990,317.000000,307.470001,315.510010,315.510010,837000
2022-12-09,313.679993,320.644989,312.500000,314.799988,314.799988,712000
2022-12-12,310.320007,317.510010,309.100006,314.910004,314.910004,533800
2022-12-13,320.339996,330.880005,318.519989,327.640015,327.640015,1078700
2022-12-14,332.000000,341.674988,329.869995,335.609985,335.609985,1124000
2022-12-15,329.179993,340.654999,325.040009,327.309998,327.309998,848500
2022-12-16,323.899994,327.149994,314.140015,320.529999,320.529999,1355200
2022-12-19,322.690002,322.690002,307.109985,309.579987,309.579987,609500
2022-12-20,308.739990,318.964996,300.000000,309.899994,309.899994,628700
2022-12-21,311.510010,323.570007,307.000000,323.160004,323.160004,688200
2022-12-22,317.019989,318.869995,306.380005,311.459991,311.459991,705000
2022-12-23,312.309998,312.309998,304.239990,310.149994,310.149994,413700
2022-12-27,307.320007,307.519989,291.200989,293.040009,293.040009,724300
2022-12-28,291.190002,291.190002,271.100006,275.839996,275.839996,1471500
2022-12-29,281.369995,289.970001,278.119995,280.660004,280.660004,718400
2022-12-30,276.160004,283.589996,273.670013,283.269989,283.269989,485700
2023-01-03,294.140015,298.000000,281.179993,285.429993,285.429993,1130800
2023-01-04,290.000000,296.369995,287.070007,290.559998,290.559998,653700
2023-01-05,285.470001,286.839996,276.420013,276.750000,276.750000,689600
2023-01-06,280.989990,284.570007,269.619995,281.809998,281.809998,1191100
2023-01-09,284.450012,297.690002,283.959991,284.140015,284.140015,888300
2023-01-10,284.000000,288.085999,277.079987,285.480011,285.480011,796200
2023-01-11,286.410004,306.160004,285.500000,302.149994,302.149994,1201000
2023-01-12,306.730011,310.589996,300.260010,309.459991,309.459991,782600
2023-01-13,303.010010,316.789001,303.010010,315.019989,315.019989,660900
2023-01-17,315.000000,325.519989,312.309998,320.170013,320.170013,886900
2023-01-18,324.100006,328.880005,314.510010,319.700012,319.700012,632400
2023-01-19,314.279999,316.029999,284.799988,286.720001,286.720001,1766500
2023-01-20,290.350006,296.309998,285.005005,294.730011,294.730011,1312700
2023-01-23,295.350006,314.213013,291.149994,309.179993,309.179993,811000
2023-01-24,301.250000,309.989990,298.000000,308.369995,308.369995,1025800
2023-01-25,294.399994,301.295013,286.299988,300.519989,300.519989,1389900
2023-01-26,308.230011,309.079987,295.260010,303.380005,303.380005,656800
2023-01-27,298.299988,311.540009,298.000000,306.440002,306.440002,597100
2023-01-30,300.440002,307.899994,299.250000,301.869995,301.869995,900300
2023-01-31,305.170013,319.350006,304.329987,319.130005,319.130005,899800
2023-02-01,315.619995,331.345001,312.489990,327.690002,327.690002,1125000
2023-02-02,335.000000,338.350006,319.709991,327.609985,327.609985,933400
2023-02-03,318.869995,326.329987,313.790009,316.000000,316.000000,656300
2023-02-06,310.410004,321.035004,310.209991,319.549988,319.549988,602300
2023-02-07,319.980011,321.910004,311.149994,319.410004,319.410004,907400
2023-02-08,332.369995,336.500000,322.640015,323.609985,323.609985,2108100
2023-02-09,324.709991,328.000000,292.299988,295.869995,295.869995,1809300
2023-02-10,295.000000,300.779999,288.010010,300.709991,300.709991,1269000
2023-02-13,303.720001,314.075012,302.929993,310.709991,310.709991,2223600
2023-02-14,295.000000,317.920013,292.000000,315.429993,315.429993,3276600
2023-02-15,316.709991,345.799988,311.000000,343.980011,343.980011,2307200
2023-02-16,335.500000,336.540985,314.850006,314.940002,314.940002,1461400
2023-02-17,312.910004,314.552002,301.217010,305.040009,305.040009,1065700
2023-02-21,300.000000,302.399994,291.670013,294.510010,294.510010,1117000
2023-02-22,296.000000,298.000000,289.109985,295.709991,295.709991,953200
2023-02-23,302.220001,305.000000,290.519989,301.859985,301.859985,963900
2023-02-24,295.500000,299.410004,292.529999,296.179993,296.179993,823900
2023-02-27,301.989990,316.059998,300.290009,313.630005,313.630005,1131100
2023-02-28,311.309998,321.600006,308.950012,317.920013,317.920013,907600
2023-03-01,320.850006,331.600006,316.811005,327.429993,327.429993,1152100
2023-03-02,319.130005,323.959991,312.709991,323.420013,323.420013,992300
2023-03-03,325.700012,330.700012,320.309998,326.829987,326.829987,691500
2023-03-06,327.170013,339.500000,325.339996,332.480011,332.480011,903500
2023-03-07,331.429993,335.000000,324.679993,328.369995,328.369995,756300
2023-03-08,328.369995,328.954987,316.529999,324.929993,324.929993,736100
2023-03-09,325.239990,330.720001,313.260010,313.529999,313.529999,719400
2023-03-10,312.630005,316.760010,297.510010,304.320007,304.320007,1132200
2023-03-13,298.149994,318.140015,296.350006,316.209991,316.209991,1129500
2023-03-14,324.769989,332.269989,312.200012,314.269989,314.269989,1373300
2023-03-15,306.959991,309.000000,296.700012,306.429993,306.429993,1062800
2023-03-16,303.179993,303.679993,283.540009,285.570007,285.570007,1706800
2023-03-17,284.230011,284.230011,260.410004,267.209991,267.209991,2346100
2023-03-20,270.000000,273.869995,258.579987,272.309998,272.309998,1736000
2023-03-21,281.230011,299.489990,278.500000,296.510010,296.510010,2111800
2023-03-22,299.359985,301.809998,289.390015,289.519989,289.519989,1234600
2023-03-23,294.230011,305.809998,288.380005,291.540009,291.540009,891700
2023-03-24,288.140015,289.750000,276.089996,284.519989,284.519989,901800
2023-03-27,290.000000,291.000000,279.325012,284.589996,284.589996,622100
2023-03-28,284.279999,285.579987,274.579987,277.799988,277.799988,941200
2023-03-29,283.600006,291.989990,274.350006,291.940002,291.940002,1231200
2023-03-30,301.000000,310.582001,293.459991,296.029999,296.029999,1042400